2048
1 0.4767013259 0.583092294734
2 0.844375251454 0.757712555714
3 0.434166092497 0.610876808256
4 0.618491953232 0.250371389044
5 0.908222062365 0.504571281601
6 0.810262920298 0.902803549934
7 0.472048022919 0.100733316752
8 0.90754619819 0.504658558886
9 0.420208934589 0.258795718682
10 0.909866200682 0.982505732887
11 0.476750757727 0.865113700397
12 0.618171025774 0.250369447487
13 0.810177573634 0.902319108057
14 0.511003665882 0.404701828383
15 0.618716279124 0.25072619628
16 0.91342707554 0.966389035247
17 0.913280686435 0.966464865273
18 0.281783480358 0.755615830543
19 0.472446055327 0.100280848149
20 0.810522802318 0.902066166598
21 0.61793272766 0.249816542959
22 0.91303827124 0.966508864332
23 0.80987414201 0.902195243858
24 0.434189154306 0.611282503578
25 0.420651737988 0.259343656526
26 0.908158127671 0.504583930763
27 0.511250734908 0.404863832853
28 0.810472059256 0.902004270647
29 0.310489325133 0.729889618476
30 0.810001180683 0.902054230261
31 0.908178864596 0.504678738194
32 0.844573342309 0.757916551325
33 0.420679098729 0.259341892254
34 0.913265517089 0.966643044402
35 0.420560838027 0.259088884837
36 0.310056844495 0.729956136468
37 0.909855441024 0.982813056124
38 0.477081757569 0.865528448958
39 0.899126339865 0.683519307649
40 0.510977417055 0.404371426108
41 0.844210849954 0.757532442266
42 0.908111464112 0.505015908888
43 0.618494472617 0.250751912801
44 0.281573826825 0.755681759996
45 0.476306672321 0.583745999954
46 0.476561096257 0.583367685646
47 0.898799907558 0.684047984877
48 0.476634386084 0.583984884871
49 0.908058583574 0.504910695507
50 0.476782849278 0.865056575622
51 0.89864569544 0.684147341995
52 0.31030712481 0.729833276365
53 0.908135994254 0.505033840301
54 0.282062154737 0.755581084099
55 0.281527424673 0.756023050197
56 0.28179823475 0.755739843454
57 0.618360709413 0.25064912793
58 0.909433810615 0.982810529085
59 0.47235531651 0.100511087769
60 0.476162260271 0.583473792763
61 0.91307127219 0.96646076629
62 0.476941454991 0.865234283081
63 0.89908494084 0.683963461492
64 0.31007921962 0.729986543817
65 0.89929237767 0.683990658845
66 0.909846634015 0.98285629116
67 0.31028630557 0.729690644993
68 0.477396878644 0.865591845921
69 0.282008512721 0.755899917464
70 0.618496595283 0.250038088094
71 0.510923619774 0.404887841792
72 0.90824956945 0.504544675802
73 0.844778928308 0.758047672593
74 0.910290468829 0.982595331626
75 0.913403008637 0.966712284223
76 0.898622381924 0.683664676821
77 0.912860988734 0.966424642926
78 0.909831267813 0.983098887762
79 0.844549949361 0.758133119401
80 0.472099091574 0.100483686422
81 0.810358429181 0.902203342463
82 0.476949627683 0.865547092268
83 0.909671262308 0.983053593945
84 0.783945195556 0.303358591924
85 0.909970118194 0.982892303868
86 0.908016825828 0.504743892197
87 0.912549207708 0.966682480711
88 0.476855011565 0.865541860257
89 0.898652963533 0.684076118469
90 0.89927025568 0.683646246478
91 0.309678094266 0.730297864643
92 0.310241603837 0.729873027474
93 0.898866705678 0.683995422773
94 0.281573371663 0.75577247413
95 0.618051940024 0.250319133724
96 0.28134419766 0.756341053661
97 0.476640902945 0.583126434411
98 0.908561488665 0.504877173779
99 0.899057729444 0.683830755474
100 0.310328004528 0.729998878162
101 0.784371535998 0.303467925469
102 0.783896889252 0.303441705719
103 0.281703883145 0.755764011677
104 0.477147369917 0.865295165268
105 0.28162456281 0.755351478482
106 0.618555814257 0.250399076103
107 0.618005433824 0.250509433072
108 0.783666245216 0.303203562658
109 0.908621284609 0.50456502444
110 0.434306779048 0.610917554051
111 0.476696922108 0.582923543646
112 0.810129147762 0.901731920815
113 0.42099574951 0.259166320917
114 0.844432812398 0.758023863208
115 0.844543609819 0.757772685128
116 0.511486522354 0.405221155211
117 0.476484872233 0.865293433004
118 0.909417340756 0.982620809988
119 0.472179445087 0.099956792897
120 0.898975934286 0.683891371368
121 0.909374741126 0.982520465973
122 0.618430753171 0.25027218009
123 0.810476837006 0.901814786381
124 0.310302306908 0.729831982276
125 0.909743735955 0.982875391212
126 0.434366012933 0.610814222493
127 0.281870088519 0.755722820888
128 0.310287504725 0.729975825459
129 0.434233905508 0.610909552505
130 0.281351408399 0.755829193698
131 0.898773645822 0.683859883613
132 0.476724932401 0.865487845781
133 0.282101373002 0.755884430309
134 0.511606130878 0.405002694061
135 0.310390716009 0.730021069715
136 0.907798703707 0.504969457629
137 0.618615098603 0.250278923392
138 0.618219600702 0.250342545114
139 0.420431490383 0.258606330329
140 0.472518058618 0.101086633547
141 0.4725722095 0.100454033184
142 0.310256738878 0.729557282108
143 0.472301781436 0.101096615699
144 0.61838018363 0.250237391267
145 0.472208385678 0.100734845408
146 0.912487894529 0.966651959404
147 0.476850519934 0.86503470862
148 0.784174582544 0.303563022426
149 0.913080484527 0.966234735642
150 0.281797039888 0.755916850597
151 0.281332021496 0.755581482142
152 0.912914762745 0.966662791441
153 0.472136703008 0.100640536548
154 0.618345505868 0.250450702343
155 0.913391046822 0.96651448886
156 0.420779807102 0.259015261148
157 0.844401917352 0.75798262379
158 0.477049002423 0.865225199979
159 0.913054186613 0.96676591816
160 0.310263454423 0.729784396052
161 0.844384729669 0.757994369202
162 0.810316742078 0.9020443917
163 0.420226276276 0.259428649527
164 0.511501175431 0.404885783897
165 0.618216997767 0.251060150934
166 0.476907474912 0.865192534603
167 0.477267141826 0.865503366567
168 0.511746339392 0.404580848313
169 0.472069458692 0.100867926282
170 0.472077723057 0.100947517679
171 0.844455396503 0.757991144751
172 0.420800002561 0.259029921335
173 0.909738508204 0.982650433795
174 0.281770934172 0.755726392489
175 0.617963394394 0.250942330172
176 0.844208820342 0.758092190305
177 0.898767442201 0.684132853864
178 0.476008801907 0.583490839834
179 0.47209008803 0.101008790928
180 0.898913385027 0.683729374075
181 0.281866554732 0.755546240901
182 0.783248726908 0.303478310714
183 0.510936653719 0.405015445557
184 0.61837325562 0.250520546502
185 0.898815884164 0.683963225832
186 0.476637111533 0.58304062452
187 0.90995863481 0.983103198569
188 0.618189095857 0.250135119255
189 0.783813492111 0.303115360253
190 0.477377157245 0.865658551474
191 0.844409527501 0.75825251232
192 0.810127201675 0.902234675904
193 0.476511633532 0.583782659464
194 0.912956895345 0.966569357836
195 0.472066546839 0.100910281859
196 0.909749541255 0.983334153426
197 0.511101020108 0.405037114087
198 0.90943970669 0.982631743689
199 0.909452821167 0.982969621422
200 0.281914591146 0.755380974313
201 0.476358838059 0.583629915102
202 0.511196544722 0.404707974776
203 0.810449234512 0.902444719315
204 0.907863751231 0.504730069623
205 0.618296224994 0.250305416699
206 0.310339255344 0.729907951738
207 0.899160166562 0.684093922965
208 0.843918582391 0.758045405264
209 0.844332593157 0.757939212921
210 0.434015251432 0.610516886484
211 0.310218312182 0.729834604976
212 0.810713354754 0.90216496891
213 0.89881318653 0.683810682904
214 0.472115509447 0.100813213545
215 0.618297443253 0.250636118163
216 0.2820462614 0.755647107059
217 0.618292879132 0.25021869543
218 0.511498459926 0.40479292123
219 0.471803587368 0.100985820282
220 0.281867920234 0.755962730287
221 0.476942997765 0.865269563286
222 0.281848131564 0.755906375629
223 0.511600715472 0.405056129138
224 0.511016743155 0.404718581369
225 0.898639128215 0.683968737774
226 0.912847966036 0.966821963987
227 0.309539447765 0.729769926618
228 0.477524574571 0.865066732754
229 0.809836943408 0.902189391728
230 0.783791313481 0.303385438788
231 0.511630614765 0.404942803215
232 0.511358967511 0.404575080853
233 0.476571509546 0.865643251513
234 0.618308507868 0.250602316641
235 0.91307093441 0.966399236467
236 0.618342139935 0.250558933431
237 0.844308223534 0.75807739611
238 0.909808682606 0.982936954021
239 0.310128486746 0.729621376325
240 0.434165302422 0.611111036972
241 0.89938568941 0.684141114366
242 0.420191255575 0.259012033168
243 0.844667550423 0.757322294267
244 0.618443178118 0.25057437453
245 0.420596031788 0.25866552442
246 0.912919951215 0.966642014662
247 0.281851768786 0.755345317665
248 0.844541857131 0.758211055867
249 0.511667731328 0.404521340426
250 0.907827066238 0.504810874159
251 0.476438735497 0.583340273944
252 0.476286347212 0.583501008454
253 0.909734025195 0.98296235066
254 0.420594856135 0.258807788361
255 0.898839827385 0.684183719946
256 0.898622168496 0.683645168921
257 0.909825023047 0.982689154024
258 0.310441555559 0.730101779142
259 0.907939808903 0.504347795611
260 0.310229511654 0.730285386922
261 0.783435107014 0.303271086395
262 0.783659809674 0.30316768322
263 0.511388337449 0.404645847567
264 0.908065401037 0.504658599943
265 0.510747077517 0.405340344335
266 0.910114744483 0.982977497152
267 0.472191911315 0.100388079083
268 0.898928529246 0.684370037009
269 0.43418610468 0.610659407162
270 0.809855534854 0.901785646393
271 0.420721807386 0.258658802575
272 0.908075456122 0.504697576382
273 0.783592631567 0.303018644801
274 0.618636638737 0.250425521785
275 0.908221891821 0.504532335385
276 0.810086429518 0.901731855624
277 0.472079070676 0.100757966842
278 0.844329955444 0.757337616596
279 0.907746650598 0.504828686561
280 0.310124449302 0.730195344517
281 0.476408559866 0.583620683495
282 0.898868228767 0.684025811182
283 0.310220744885 0.729843133048
284 0.783747134552 0.303238150606
285 0.844673824346 0.757909762758
286 0.913065540197 0.966861585843
287 0.908209491416 0.50488229611
288 0.477005722336 0.865070169525
289 0.281811926011 0.756103659424
290 0.898732811158 0.683733100963
291 0.844642382377 0.757835871774
292 0.281970988066 0.755806806306
293 0.433776914067 0.610852308012
294 0.511049367011 0.405343744499
295 0.434172872047 0.610938430213
296 0.472352507133 0.101076337625
297 0.310196037769 0.729917742434
298 0.912733461876 0.966410285662
299 0.618563662862 0.250774527814
300 0.476733392943 0.583009647594
301 0.844482361082 0.757927046582
302 0.420534546573 0.259051345061
303 0.783552951869 0.303626095447
304 0.281802499592 0.75608627079
305 0.281642410673 0.756290971713
306 0.910162376295 0.982725793156
307 0.810188171121 0.90253684598
308 0.618324599931 0.250262052098
309 0.618766322775 0.250558270524
310 0.844285883518 0.75766200441
311 0.472050791005 0.101061318496
312 0.783579670099 0.303272001968
313 0.477174338991 0.865280531641
314 0.809909855462 0.902729741044
315 0.912677147818 0.966405637937
316 0.30981868879 0.730264906321
317 0.91281447731 0.966960459983
318 0.844549398027 0.757666432447
319 0.4767863567 0.865569223788
320 0.90818055149 0.50436303282
321 0.477144253231 0.865310783535
322 0.844817199394 0.758353985596
323 0.476423082751 0.865382499939
324 0.434244254809 0.610488569715
325 0.783554193521 0.303235218907
326 0.477078378327 0.865442161433
327 0.310212356858 0.729930245354
328 0.90984242906 0.982466894187
329 0.472122948679 0.100900191848
330 0.282225617511 0.755781880871
331 0.476708035565 0.865236742927
332 0.477166814264 0.865706474406
333 0.472370685246 0.100364586507
334 0.5109812789 0.404464422845
335 0.809834209805 0.902623412408
336 0.909459939348 0.982963075267
337 0.472148616939 0.100744227159
338 0.910090193996 0.982652683261
339 0.309948802088 0.729625822026
340 0.898840893731 0.684498749688
341 0.477121750993 0.583192896127
342 0.420189707598 0.259045675339
343 0.61792697155 0.250481600082
344 0.898979587624 0.683945757446
345 0.913322686421 0.966454879098
346 0.477001263605 0.865814379455
347 0.472060585211 0.100633533911
348 0.844606838101 0.757967173067
349 0.471823360759 0.100977013465
350 0.309761574771 0.730154097559
351 0.843973232176 0.758053755327
352 0.511221220687 0.404723084006
353 0.844129374882 0.758003131748
354 0.844215350904 0.757863622357
355 0.844464874354 0.758064628087
356 0.910286060426 0.982935413071
357 0.434371708176 0.610815436794
358 0.913424367418 0.966565495785
359 0.476440285381 0.583093249326
360 0.281808234115 0.755884703246
361 0.511460975259 0.405142628366
362 0.310154236027 0.729756525026
363 0.434470975353 0.610970774247
364 0.898432995513 0.683545647195
365 0.908025804382 0.504634701846
366 0.909809709695 0.982634433858
367 0.476539667369 0.583204187763
368 0.477407897362 0.583034225859
369 0.511525459423 0.404752356175
370 0.844121396025 0.75777543069
371 0.844443616769 0.757504405053
372 0.420410916814 0.258700226759
373 0.783659544796 0.303349667449
374 0.907957059746 0.504456921983
375 0.909310447146 0.982663472868
376 0.908151302333 0.504594864988
377 0.281677412739 0.756018382806
378 0.433452922012 0.610830850935
379 0.434328264756 0.611031751644
380 0.844416952568 0.757906578528
381 0.913098998366 0.966842888448
382 0.844330787989 0.75817920819
383 0.844464206335 0.757571874102
384 0.90816287915 0.504602553603
385 0.844099496965 0.758370086198
386 0.471995455733 0.100423851636
387 0.472090796406 0.100733146868
388 0.472231031151 0.100926304508
389 0.908274988324 0.504845663375
390 0.511009618818 0.404697399833
391 0.844123110529 0.758038199143
392 0.434071875329 0.610889466568
393 0.844701481305 0.757625365442
394 0.434144723732 0.611238730964
395 0.420673375785 0.258721755415
396 0.476947483589 0.865321250879
397 0.91286950956 0.966463874386
398 0.844319942632 0.758054174756
399 0.909837537694 0.982906076374
400 0.912895153089 0.966466053225
401 0.912593738741 0.966190540845
402 0.618649249817 0.250268200635
403 0.844433956871 0.758152583379
404 0.511287681743 0.405108429315
405 0.912525220555 0.966721719137
406 0.511237815563 0.404918189319
407 0.913253607972 0.96661496242
408 0.472191179127 0.100701172002
409 0.434103848658 0.610882658353
410 0.472398806743 0.100918273029
411 0.472032484246 0.100489521442
412 0.843924196106 0.758165081282
413 0.9081145905 0.50481980799
414 0.909653243896 0.982765696586
415 0.281493144427 0.755270862393
416 0.281584232349 0.755911998616
417 0.78352107588 0.303528441138
418 0.281433262671 0.755577207401
419 0.477186401395 0.865154290279
420 0.844210234636 0.757775714218
421 0.784006788473 0.303366606852
422 0.472255735448 0.100675287412
423 0.913379119505 0.966722689609
424 0.843987939944 0.758189234541
425 0.282181166065 0.755628087545
426 0.81033496364 0.902355061743
427 0.281152806505 0.755368227968
428 0.476028739463 0.583369317103
429 0.907825337746 0.504385978535
430 0.310151042159 0.729670662407
431 0.477153065713 0.865599637597
432 0.476462475007 0.583230613001
433 0.281757992125 0.755628169837
434 0.89876396005 0.684090573805
435 0.810348062807 0.90238959071
436 0.282179194542 0.755981300397
437 0.310200798872 0.729530059427
438 0.909827164272 0.982930982254
439 0.783352897278 0.303241263862
440 0.908406481113 0.50441757873
441 0.898775761036 0.684089398686
442 0.477162727449 0.86511174542
443 0.434352054064 0.610754677643
444 0.909561265954 0.983113187147
445 0.913412055754 0.966567302628
446 0.477156218959 0.582860107374
447 0.908390099314 0.504594297312
448 0.477456654054 0.865298289532
449 0.310161318738 0.729851712861
450 0.810055876431 0.901617500966
451 0.909630709171 0.98245245904
452 0.783372853376 0.302768826831
453 0.420444658595 0.258604560493
454 0.281847380356 0.755770062142
455 0.913125850438 0.966351539586
456 0.420262341799 0.259011611285
457 0.476176320475 0.583417720925
458 0.912587434998 0.966433559554
459 0.420912295908 0.258485214
460 0.511497045809 0.404514159011
461 0.91267874998 0.966570442789
462 0.783733892955 0.303072495738
463 0.844582741029 0.75813521098
464 0.912511966704 0.966390608555
465 0.913289100162 0.966775065537
466 0.907843925677 0.504675365605
467 0.618739680416 0.250782138543
468 0.618199693587 0.25028811237
469 0.511135529565 0.404897464781
470 0.434238531794 0.610768497502
471 0.420793378502 0.259018564644
472 0.476829783535 0.865243665605
473 0.783901858912 0.303399117055
474 0.472456826695 0.101074333513
475 0.434375679367 0.61112355571
476 0.844623847802 0.757716495093
477 0.471769533806 0.10072387386
478 0.912547873313 0.966424509152
479 0.908133169624 0.50470111815
480 0.783910026998 0.303133632625
481 0.783207239947 0.303328965566
482 0.90969325784 0.98286798539
483 0.810251967731 0.902397035585
484 0.281846954073 0.755627211044
485 0.912997682874 0.966327025198
486 0.912858745419 0.966792448429
487 0.511318846047 0.404690857021
488 0.909395421431 0.982850190856
489 0.908337079531 0.504555900117
490 0.907774757596 0.504929681103
491 0.477196326533 0.865102344631
492 0.47638555191 0.583456671205
493 0.784033979474 0.303875409991
494 0.618554168341 0.250659479453
495 0.281157234487 0.755746185203
496 0.476699652955 0.865173651757
497 0.309865648294 0.729827811714
498 0.908069646499 0.504588765741
499 0.908248688786 0.504575908647
500 0.477327744879 0.865278196478
501 0.844557731337 0.758044859653
502 0.908443435822 0.504971364536
503 0.908120330978 0.504759454008
504 0.281959305294 0.755807644439
505 0.810366631301 0.902101240473
506 0.898842597787 0.683996573111
507 0.913062594395 0.966531652226
508 0.511329921621 0.405491933534
509 0.28192999482 0.755559786121
510 0.281870357266 0.755468100798
511 0.476266483165 0.583192686424
512 0.434017515138 0.610573567638
513 0.810709901234 0.902487584863
514 0.898784603847 0.684354932321
515 0.810088111376 0.901965691733
516 0.810129462827 0.902027589736
517 0.909830138515 0.982864586539
518 0.913377276783 0.966970513504
519 0.61815538295 0.250568543651
520 0.281612002128 0.756023798124
521 0.908190699193 0.504526684693
522 0.783231889502 0.303382322522
523 0.844417395576 0.757927976728
524 0.281861501623 0.755539891374
525 0.281832242208 0.756081338918
526 0.783724296588 0.303660226113
527 0.81079836385 0.901890462762
528 0.909921999078 0.982893257409
529 0.909472241044 0.982262698162
530 0.511754877482 0.405046814455
531 0.472169836134 0.100428016649
532 0.310012163778 0.729915935988
533 0.281939176123 0.755376766405
534 0.477291080761 0.865070181689
535 0.909720925141 0.982632237056
536 0.91293463159 0.966287372643
537 0.281611636762 0.755552313068
538 0.91285833853 0.966533640835
539 0.618392389603 0.251035486359
540 0.434020218988 0.610831505055
541 0.844597608714 0.75815167544
542 0.310207887099 0.730197656562
543 0.434183526736 0.610630182903
544 0.310654401515 0.729794638005
545 0.908055379438 0.50455293705
546 0.909583589669 0.982991061732
547 0.61812410701 0.250102555504
548 0.618616427323 0.250831971207
549 0.472376888072 0.100631328242
550 0.617870446651 0.250376344376
551 0.899003226914 0.684006115658
552 0.433744937218 0.610632788086
553 0.281843312024 0.755825762056
554 0.477239207455 0.865574765315
555 0.618147879349 0.250713594118
556 0.420851001451 0.258863510189
557 0.844062697956 0.758153783108
558 0.476583916391 0.582965302228
559 0.78385548479 0.303301119578
560 0.434031394862 0.610875788118
561 0.47643279093 0.583272695954
562 0.434217572409 0.611122935063
563 0.909502902817 0.983170151073
564 0.476716984766 0.583457135518
565 0.310066227286 0.729797417224
566 0.476797374473 0.865337519158
567 0.89909583834 0.68402355002
568 0.31054937507 0.729734311371
569 0.913200901598 0.966782206991
570 0.844388728774 0.758192558854
571 0.90780414178 0.505000523734
572 0.783936226248 0.30304046823
573 0.90797575008 0.504640158192
574 0.6188511376 0.250573271278
575 0.907668848823 0.505348762513
576 0.809841988854 0.902379507626
577 0.420304069995 0.258789832566
578 0.433930735735 0.610741922079
579 0.909791153606 0.982564462069
580 0.909533694013 0.982010579799
581 0.899077631384 0.683925469527
582 0.810210556507 0.901940077577
583 0.476819688797 0.583343646245
584 0.47711186266 0.865173553585
585 0.434367355238 0.610866788324
586 0.310160069125 0.729730705479
587 0.434034800564 0.611243777929
588 0.47733745595 0.865383408507
589 0.476886395552 0.583636115614
590 0.476785361413 0.865291967232
591 0.618110441788 0.250660089367
592 0.282433341902 0.756133398836
593 0.477092973566 0.865471039265
594 0.281818338368 0.755745758136
595 0.434047100851 0.61073918164
596 0.434058990076 0.610706135147
597 0.909822531884 0.982775468685
598 0.899057498614 0.68367986471
599 0.510923452307 0.404688414987
600 0.281675652543 0.755711788401
601 0.908214736156 0.50442270045
602 0.618538429569 0.250671327477
603 0.909799040634 0.983225816915
604 0.281852991053 0.756013276015
605 0.434682882637 0.610535630796
606 0.84442914466 0.757656388563
607 0.420575905981 0.259115300808
608 0.281273792337 0.755909155873
609 0.844300303309 0.757491057406
610 0.908113734526 0.504859535661
611 0.476786037139 0.583626748476
612 0.476772022891 0.583412312284
613 0.433732268155 0.611138173471
614 0.477022846961 0.865622482102
615 0.912881938415 0.966533878361
616 0.784003914818 0.30329672862
617 0.434283982716 0.6105010717
618 0.898955966606 0.683525386959
619 0.844564920584 0.758206368145
620 0.783520134584 0.303253749586
621 0.511306780571 0.404953359473
622 0.434714701851 0.611193200077
623 0.477002554611 0.865042909663
624 0.476405395065 0.583499505799
625 0.281761007413 0.755294308696
626 0.511282436285 0.405101544787
627 0.84459974747 0.757722666689
628 0.420319463786 0.259005278136
629 0.472152104203 0.100570326951
630 0.310107403377 0.729829300707
631 0.511158207494 0.404731796204
632 0.476637029044 0.865305828185
633 0.510880640362 0.40498530953
634 0.434248282358 0.611120293032
635 0.618110900667 0.250607830883
636 0.476791565036 0.582878726114
637 0.90795807716 0.504504766316
638 0.810120569879 0.901894570074
639 0.310168666304 0.729362177464
640 0.7838601064 0.303599643838
641 0.909850815345 0.982509948908
642 0.913061110637 0.966320641962
643 0.4339511429 0.61092071204
644 0.281497141756 0.75590038928
645 0.844339519056 0.757318468688
646 0.618517623641 0.250574884577
647 0.420554262997 0.259350319912
648 0.844827139792 0.757541813846
649 0.511567669881 0.405496673342
650 0.908125317654 0.504656450897
651 0.477341914197 0.865344464568
652 0.913113913061 0.966422727733
653 0.433946943633 0.611065878745
654 0.907915675949 0.504942028533
655 0.472012469075 0.100304669482
656 0.844198611388 0.757909350819
657 0.783940646195 0.3032356167
658 0.511429423222 0.4052566361
659 0.809892846518 0.90215446351
660 0.477351241622 0.864903499118
661 0.844471108465 0.757917377552
662 0.310409228801 0.729710287665
663 0.281570785336 0.756277626903
664 0.91272783982 0.966343326072
665 0.908551428402 0.505204754119
666 0.310045166366 0.730494798815
667 0.809965423985 0.902620032609
668 0.420619624965 0.25878104261
669 0.420549858649 0.259302877963
670 0.810090760053 0.902234164042
671 0.913049024115 0.96623657455
672 0.434189929356 0.61076911853
673 0.472356782033 0.100357845738
674 0.618325422159 0.250403083326
675 0.472109853654 0.101128090792
676 0.309845502769 0.729814499181
677 0.420612391127 0.258927474374
678 0.472223307863 0.10079677343
679 0.282341574954 0.755733167988
680 0.908156603103 0.504593644318
681 0.281209718655 0.75546295977
682 0.843954585723 0.758241062855
683 0.844221576157 0.75781065126
684 0.909674176717 0.982546650833
685 0.913691719724 0.966411925349
686 0.844681897988 0.757526004708
687 0.511393502552 0.404888338421
688 0.784240954747 0.303185853161
689 0.810173382209 0.902347068133
690 0.282184551933 0.755823816722
691 0.844435755592 0.757862322781
692 0.844331062848 0.758364719845
693 0.433596205166 0.610860542322
694 0.42037355258 0.259265357413
695 0.908308966078 0.50494082836
696 0.420441118289 0.259050505337
697 0.907811769944 0.504714971789
698 0.420475452299 0.259136883263
699 0.28158266969 0.755836382634
700 0.420638818922 0.259261274803
701 0.434033916893 0.610877042263
702 0.420705557285 0.259116293086
703 0.810064536138 0.901910477757
704 0.810000751017 0.902455289482
705 0.89847200586 0.684242649375
706 0.899064476376 0.68382968197
707 0.908124381246 0.504620254491
708 0.282059032884 0.75577228925
709 0.90974639744 0.982883174046
710 0.420260133688 0.259051037706
711 0.909628274293 0.982771562936
712 0.844053634714 0.758406999061
713 0.511240858102 0.405212578888
714 0.913022837467 0.966602289596
715 0.310178485768 0.730186331166
716 0.899119309424 0.683742813581
717 0.434202900599 0.610745831052
718 0.844400837965 0.757656857168
719 0.47713251663 0.865517144517
720 0.476800011367 0.583188204085
721 0.912773009424 0.965742838
722 0.810366222035 0.902143464419
723 0.617773595577 0.250186811301
724 0.810444874802 0.901908609885
725 0.909564505106 0.982933081443
726 0.476747367397 0.583989521515
727 0.910084100451 0.982406461318
728 0.477026240259 0.865530954339
729 0.310088033051 0.729954143784
730 0.471854992032 0.100606937154
731 0.899252444388 0.684347860356
732 0.618250818305 0.250197535733
733 0.810190995963 0.90206398719
734 0.618428905604 0.250741445311
735 0.909594658152 0.982983603557
736 0.899427303546 0.684148363815
737 0.810378301353 0.902432737452
738 0.420198648069 0.258913297001
739 0.281694456151 0.75614028746
740 0.913179914651 0.966434586548
741 0.4342355342 0.610943155748
742 0.477037105677 0.864973719165
743 0.909557201242 0.983272978539
744 0.434000699772 0.610906721848
745 0.31002792625 0.729038010146
746 0.472764776177 0.101102850212
747 0.433981729707 0.610778501141
748 0.898748316269 0.683921437979
749 0.810644246497 0.902220431287
750 0.434158509102 0.610780865263
751 0.81011790671 0.902246666241
752 0.913527028968 0.966410633657
753 0.909853022138 0.982663493353
754 0.476870935564 0.583205037343
755 0.783918835267 0.303440932528
756 0.618237885409 0.250881658512
757 0.477056743102 0.583628964104
758 0.310300270136 0.729806641673
759 0.434473392315 0.610919681866
760 0.618683802149 0.250825915648
761 0.476900994913 0.583156537547
762 0.434460862243 0.610565222488
763 0.898974096004 0.683987406076
764 0.783780847274 0.30330333481
765 0.511204335814 0.4049408057
766 0.908141219094 0.504835328236
767 0.908242942298 0.504566581897
768 0.310110814967 0.729467420128
769 0.783684403159 0.303470303986
770 0.909914182321 0.982752386077
771 0.909963419124 0.982880224076
772 0.477101420934 0.865250531014
773 0.434055111171 0.610353671516
774 0.617909703477 0.250749321381
775 0.9097571526 0.98263317316
776 0.42036929766 0.258996114716
777 0.909474560982 0.983188942337
778 0.898743848972 0.684068297574
779 0.898702765108 0.683948148513
780 0.844203241981 0.757757482646
781 0.809980140856 0.902304441944
782 0.282095336476 0.755962497438
783 0.420383750627 0.258556608839
784 0.511329070578 0.405106976045
785 0.809792444489 0.902448851466
786 0.909577043115 0.98275798146
787 0.420671154067 0.258865786436
788 0.511382595391 0.405235600434
789 0.30992508444 0.729933660802
790 0.310114292324 0.73026880819
791 0.310100387379 0.729796154666
792 0.908132484594 0.504522234369
793 0.3104073821 0.729790128805
794 0.909753100862 0.982813628468
795 0.78347134828 0.303371238199
796 0.434117569376 0.611098221979
797 0.898640004922 0.683652083076
798 0.913117900714 0.96667293987
799 0.618098649777 0.250275135861
800 0.784159907658 0.303728295814
801 0.783996448989 0.303334983151
802 0.909478457132 0.982487977523
803 0.511060487834 0.404923526932
804 0.898555248352 0.684328290302
805 0.784094826611 0.303302861196
806 0.28180154545 0.755568732526
807 0.84423442921 0.758027417395
808 0.309694353147 0.729754952155
809 0.618446587873 0.250621048797
810 0.810201525529 0.902333566209
811 0.477358054137 0.865727152985
812 0.910176697839 0.982605303096
813 0.476495671927 0.583401230409
814 0.908213815799 0.504636801333
815 0.784266078927 0.303441331964
816 0.309916188102 0.729686241117
817 0.476270666428 0.583186731873
818 0.472321500423 0.100992852438
819 0.309803867414 0.729639482182
820 0.910085834308 0.982685986069
821 0.31028301484 0.729842971484
822 0.810231689341 0.902030442885
823 0.310381902531 0.730173531316
824 0.43410533034 0.610824036418
825 0.476563386517 0.583654198062
826 0.471474441141 0.100342966326
827 0.899266721291 0.684510917219
828 0.844248911513 0.758256024102
829 0.282040608821 0.755832636238
830 0.783852099166 0.302989974884
831 0.511392396035 0.40481286791
832 0.908406266049 0.504392453427
833 0.281163483222 0.75572214571
834 0.898762102016 0.683635607216
835 0.477192270679 0.865215506361
836 0.618250854463 0.250371165015
837 0.310318970329 0.729712524841
838 0.907883459873 0.504761496834
839 0.310548009293 0.729967359174
840 0.476412283123 0.58320418874
841 0.809949694429 0.902042206851
842 0.511390728036 0.404939624804
843 0.281825309646 0.756085098807
844 0.618239323933 0.250493764379
845 0.618511789902 0.250460427418
846 0.844218712449 0.758279495804
847 0.434219380927 0.610925939515
848 0.476201392166 0.583000950447
849 0.908136278116 0.504561499046
850 0.31014766403 0.730244921607
851 0.912663770256 0.966740328662
852 0.908259146058 0.504483058098
853 0.810527924703 0.902139443985
854 0.618860385997 0.250845096419
855 0.909637937704 0.982446379161
856 0.783726882177 0.303229225295
857 0.844600731521 0.757676076495
858 0.476289447131 0.5833296848
859 0.310283942665 0.729831863321
860 0.420576775303 0.258648892393
861 0.783542548274 0.303570425812
862 0.617817737733 0.25034295414
863 0.281930459543 0.755874430071
864 0.898792119153 0.684095453589
865 0.472229596938 0.100628241337
866 0.810206282142 0.901982881722
867 0.434065181856 0.610644648163
868 0.511252131206 0.405392777875
869 0.511185411006 0.404629351737
870 0.909870520493 0.982798272378
871 0.476433505915 0.583207261613
872 0.476394019087 0.583563594656
873 0.80999963434 0.902080195011
874 0.281950511749 0.755498742391
875 0.476850407092 0.865190310949
876 0.909275148387 0.98286647233
877 0.89912237505 0.683719123909
878 0.476576091247 0.583526576595
879 0.913185763983 0.966479571817
880 0.843997198804 0.758023666074
881 0.898815614466 0.683939012237
882 0.420512842742 0.258469520999
883 0.511517847668 0.404385410534
884 0.810157370294 0.902145781
885 0.281246107839 0.755928704779
886 0.618684036143 0.250529962662
887 0.420929594189 0.258898783596
888 0.898636348161 0.683439321287
889 0.281819966592 0.755901434922
890 0.844023130909 0.758011978921
891 0.899176318293 0.68399003869
892 0.43445230911 0.610576587757
893 0.281729539396 0.755440328224
894 0.420789943139 0.258971193423
895 0.309889982987 0.730070711518
896 0.47216939429 0.100503781619
897 0.47668590665 0.865196090779
898 0.310082162426 0.729706611811
899 0.309563523396 0.730099719058
900 0.899578188637 0.683861925685
901 0.433888367985 0.610716450182
902 0.618195283004 0.250692087308
903 0.912920696827 0.966487887882
904 0.844177601606 0.758052618396
905 0.420603459518 0.259133484793
906 0.281737242621 0.755703724005
907 0.434079443741 0.610888650561
908 0.420629906208 0.258894992615
909 0.310301104936 0.730152709824
910 0.477237752407 0.865181225943
911 0.28177331777 0.756059241858
912 0.477280652266 0.865375607047
913 0.913106405592 0.966681888948
914 0.434082418532 0.611314338236
915 0.47703968053 0.583473162484
916 0.908029632985 0.504707504917
917 0.310229434199 0.729680487711
918 0.912805501517 0.966377323069
919 0.783981118128 0.303132631365
920 0.844631064537 0.757849089346
921 0.476656135485 0.583404615032
922 0.844769102396 0.757606981163
923 0.618485651388 0.25057166871
924 0.476606005049 0.865147972504
925 0.42095947746 0.259085532279
926 0.420816522075 0.258402123273
927 0.282128866919 0.756061200598
928 0.617858168969 0.250501811589
929 0.909898545654 0.982965373012
930 0.43407191115 0.610879774833
931 0.910236163323 0.982895290711
932 0.783695588549 0.302529925486
933 0.912798429578 0.966567702613
934 0.898326741234 0.68382968094
935 0.78374973702 0.303181058608
936 0.281877645182 0.755575227144
937 0.476454680971 0.583570535345
938 0.844671383412 0.758268380692
939 0.898762114077 0.683875572921
940 0.420291378775 0.258935171048
941 0.511714574347 0.404838203829
942 0.434339461684 0.611202088229
943 0.43385562915 0.611522147168
944 0.420608190573 0.258785296417
945 0.476641871398 0.583494492259
946 0.310166917915 0.730268830794
947 0.472549214331 0.100589787228
948 0.476951514833 0.865287985348
949 0.907612787894 0.505079422404
950 0.281782500464 0.756238537999
951 0.913668944031 0.96680503357
952 0.899191231941 0.68397450938
953 0.844345644123 0.757796781855
954 0.47745109741 0.865109273327
955 0.898826389691 0.684541855599
956 0.434072219039 0.610775502849
957 0.783499623327 0.303179048965
958 0.281980741579 0.755465370044
959 0.476924600766 0.58344463558
960 0.908250191377 0.504573027682
961 0.909950943588 0.983388618039
962 0.310157523991 0.72931797766
963 0.618113606509 0.250429105374
964 0.809986953153 0.902556715462
965 0.908118886757 0.504642454957
966 0.9075919509 0.504753016613
967 0.89880299761 0.683638332544
968 0.912956917139 0.966265678102
969 0.913014807109 0.966564391508
970 0.434325408575 0.611262342808
971 0.281727816446 0.755892574795
972 0.282295388033 0.755802605584
973 0.898732530561 0.683851179103
974 0.421058561179 0.258697682883
975 0.844766000958 0.757739279134
976 0.420657680119 0.259042119778
977 0.476806127976 0.583235664555
978 0.909503794795 0.982910278488
979 0.476522860525 0.58355290335
980 0.476555656314 0.583348773981
981 0.912723792637 0.966581505063
982 0.281788642584 0.755393893919
983 0.899084948875 0.683929441556
984 0.420686858247 0.258548921401
985 0.843977519794 0.757974461058
986 0.476848100459 0.865533396936
987 0.618354866678 0.25012593942
988 0.618497933573 0.250804391123
989 0.84429270864 0.758119289311
990 0.420923732907 0.259163895235
991 0.618761987728 0.250918122858
992 0.907762961421 0.504824823607
993 0.511370367014 0.404472245815
994 0.618270363749 0.250127569308
995 0.477046262606 0.8650818623
996 0.909508850783 0.982972415863
997 0.913436853165 0.966900438415
998 0.91009390089 0.983235997171
999 0.784070103323 0.303359195009
1000 0.810543795464 0.9022732845
1001 0.810124714473 0.902127183501
1002 0.908299897389 0.504887460235
1003 0.907870283718 0.505129235508
1004 0.810492483338 0.902393818563
1005 0.476732182357 0.865623634563
1006 0.309901995518 0.729870560976
1007 0.783631354765 0.30340775138
1008 0.618121702898 0.250060667061
1009 0.511426458719 0.404549326602
1010 0.310181095419 0.729919760326
1011 0.511186320143 0.405116466705
1012 0.472062121213 0.100822086595
1013 0.47688665859 0.864887209845
1014 0.618635067424 0.25069184187
1015 0.618325678567 0.250601403508
1016 0.908080868671 0.504913752962
1017 0.899015376483 0.684143316181
1018 0.471966661914 0.101148425009
1019 0.434303595977 0.611215070078
1020 0.310298237694 0.730104817314
1021 0.61839143236 0.250891440923
1022 0.913102924932 0.966536467407
1023 0.282068693458 0.755949185107
1024 0.310125044596 0.729750642749
1025 0.42025898044 0.258574662733
1026 0.810301063555 0.902222086115
1027 0.810300875828 0.902562358678
1028 0.476838663885 0.582914497711
1029 0.909624662476 0.98238876751
1030 0.309997636719 0.729633886893
1031 0.913075120166 0.966736527858
1032 0.89890929979 0.684271131057
1033 0.912761902477 0.966917032566
1034 0.434113999293 0.610797520188
1035 0.909994760961 0.98196935789
1036 0.618581271429 0.250584671175
1037 0.618449959425 0.25046787136
1038 0.912907115972 0.966647538605
1039 0.472237563844 0.100791495021
1040 0.783455507516 0.303207793313
1041 0.433877874273 0.610701100661
1042 0.618009060939 0.250496604045
1043 0.476499778333 0.583708903384
1044 0.810285662736 0.902311830703
1045 0.909851676659 0.982602639756
1046 0.511560948467 0.405024257784
1047 0.909512974483 0.982585818796
1048 0.310293775984 0.729676311487
1049 0.472174587266 0.100917725741
1050 0.617972624418 0.250457195019
1051 0.844389686216 0.757513341071
1052 0.844377934994 0.757936376318
1053 0.511331361916 0.404874717566
1054 0.912804891013 0.966244977321
1055 0.310168422403 0.729436122474
1056 0.91285834616 0.966791324714
1057 0.309786348405 0.729762455355
1058 0.907900360116 0.504805919319
1059 0.844395702357 0.757638748078
1060 0.912991865264 0.966354324986
1061 0.472462676759 0.100835889636
1062 0.913176498073 0.966472298591
1063 0.476455254709 0.583871399952
1064 0.907926087175 0.504799958886
1065 0.476778061929 0.583189418413
1066 0.909566647222 0.982913676555
1067 0.28199422661 0.755682721854
1068 0.898958043115 0.684505150911
1069 0.618291073054 0.25075259149
1070 0.899115237541 0.683633342055
1071 0.511546978591 0.404877409659
1072 0.477286930122 0.865820221896
1073 0.783930834245 0.303170814519
1074 0.434419027245 0.611297939575
1075 0.310562420649 0.730228238467
1076 0.282028181923 0.756234318123
1077 0.844809546171 0.758049371618
1078 0.420569128703 0.258808015052
1079 0.477214015499 0.865548580696
1080 0.310074489171 0.729913384783
1081 0.618105560115 0.250947643761
1082 0.783852586282 0.303637504311
1083 0.618338080366 0.250636997524
1084 0.434607921875 0.611185539268
1085 0.4773891713 0.865715227521
1086 0.476653995651 0.583173374973
1087 0.618293590453 0.250208832795
1088 0.472073080741 0.10075431125
1089 0.908441973253 0.50439538169
1090 0.912826595562 0.966490617799
1091 0.618186122922 0.250514170587
1092 0.434376049592 0.610966451391
1093 0.476465518014 0.865093079051
1094 0.844551102216 0.757637567232
1095 0.43407242754 0.609861984527
1096 0.90809511328 0.504216072439
1097 0.898954053616 0.683547509003
1098 0.476545426569 0.583625211917
1099 0.844790559328 0.757703998866
1100 0.511365948277 0.404735794603
1101 0.809953041223 0.90218390958
1102 0.810428123208 0.902027179228
1103 0.844779581322 0.757470906839
1104 0.472283989465 0.100913859786
1105 0.472465528043 0.100328542713
1106 0.912927070021 0.966502727591
1107 0.281963682093 0.755771469174
1108 0.912803659842 0.966858420662
1109 0.434271290209 0.610952678572
1110 0.618902890803 0.250140182654
1111 0.310303424231 0.730236360735
1112 0.281808573494 0.756128864298
1113 0.617725783342 0.250428403622
1114 0.844604208985 0.757768694182
1115 0.434455825505 0.610606795158
1116 0.618043322222 0.25046158055
1117 0.281728943668 0.755337157408
1118 0.908414161509 0.504598309194
1119 0.476801812319 0.583717468028
1120 0.476810898297 0.582830413491
1121 0.907963837341 0.504830419782
1122 0.477054801895 0.583378191611
1123 0.434765201573 0.610991273664
1124 0.434419748364 0.610387056618
1125 0.282118534893 0.75595140659
1126 0.909831674881 0.983178401032
1127 0.476918474926 0.864885566117
1128 0.472196139506 0.100567517536
1129 0.809830994419 0.901853241097
1130 0.618349658215 0.250808538612
1131 0.618445774081 0.250514489303
1132 0.783441075853 0.303329424669
1133 0.909070029353 0.982441541746
1134 0.420357975427 0.259136616648
1135 0.472395730663 0.100474484463
1136 0.310488340296 0.729565189792
1137 0.810468345981 0.902185205463
1138 0.421016322559 0.258811387539
1139 0.908366890777 0.504872495176
1140 0.908035099516 0.504228147812
1141 0.810230492578 0.902136988267
1142 0.783551030011 0.303427982466
1143 0.434315510483 0.611171175956
1144 0.909721994729 0.982752997566
1145 0.844627223869 0.758086357881
1146 0.810181702874 0.901813536478
1147 0.420734261149 0.258734146696
1148 0.434285367596 0.611097099271
1149 0.309945548574 0.729616379837
1150 0.913135018496 0.966302010536
1151 0.309895336827 0.729980492244
1152 0.310232701921 0.729692644194
1153 0.618434155313 0.250654458385
1154 0.844722806865 0.758234121623
1155 0.908066988805 0.504814967471
1156 0.810146354302 0.902207818209
1157 0.281983218022 0.755420277482
1158 0.477188872228 0.865086309859
1159 0.472198025105 0.100456576229
1160 0.281592493716 0.755706893498
1161 0.810430724684 0.901661979174
1162 0.309979390833 0.729805319463
1163 0.281901391036 0.756193483576
1164 0.90983002966 0.982905932275
1165 0.844678018501 0.758176805444
1166 0.309723391274 0.729755612362
1167 0.909729504858 0.983200969763
1168 0.908276666368 0.504733868315
1169 0.618047243323 0.250229378518
1170 0.434233764251 0.610484330209
1171 0.810343575198 0.902504795144
1172 0.898811613149 0.684217547504
1173 0.476974152079 0.583371728823
1174 0.908188665157 0.504896352791
1175 0.783875174862 0.303175020558
1176 0.281656498131 0.755763749244
1177 0.511787405653 0.404807233841
1178 0.844350459014 0.757939112653
1179 0.282178578941 0.756084359583
1180 0.783766256796 0.303410964323
1181 0.47675406635 0.865309728353
1182 0.909933353865 0.983179654036
1183 0.47682592282 0.583053741502
1184 0.476393824672 0.583399904132
1185 0.47718677213 0.865062985188
1186 0.899225593415 0.684189582524
1187 0.908087565113 0.504902940576
1188 0.913581801523 0.967039380608
1189 0.618166887661 0.250298071415
1190 0.420595979615 0.25867076565
1191 0.618460648056 0.250316324446
1192 0.511633109594 0.405039784917
1193 0.420495218513 0.258865937064
1194 0.420412174317 0.259042182386
1195 0.421123369025 0.258705750228
1196 0.477540924037 0.865244262423
1197 0.809885980437 0.902393310049
1198 0.909806178116 0.98320333512
1199 0.510929181029 0.404447141193
1200 0.909886739187 0.982967564658
1201 0.909619965763 0.98284289795
1202 0.810692443689 0.901719771271
1203 0.51124682026 0.404891188198
1204 0.510942492915 0.404906142485
1205 0.783749216481 0.302799955055
1206 0.477303851135 0.865534875844
1207 0.909564132494 0.982247147038
1208 0.476675120053 0.583309840281
1209 0.84459030101 0.757868688623
1210 0.898899705356 0.684303335117
1211 0.908044758734 0.504289151751
1212 0.913098930779 0.966354216984
1213 0.511150227857 0.404702920031
1214 0.899058119754 0.683967593818
1215 0.61825012188 0.250685422854
1216 0.783659180354 0.30349751167
1217 0.908337102562 0.504610744305
1218 0.844736063113 0.757883850992
1219 0.476610941173 0.58333246654
1220 0.434211501195 0.610923671459
1221 0.511314915674 0.404866381351
1222 0.91296904178 0.966762535976
1223 0.310162564767 0.730146503607
1224 0.47203722907 0.100515764444
1225 0.310113084173 0.729795571885
1226 0.618208158652 0.2503290795
1227 0.511305508481 0.40491530744
1228 0.43454811168 0.611539043383
1229 0.913360638643 0.966833903302
1230 0.310336192428 0.729616821394
1231 0.476698002067 0.58299637399
1232 0.910162740936 0.982747169432
1233 0.618627939544 0.250376057637
1234 0.434294341102 0.610926737791
1235 0.783813655249 0.303446188276
1236 0.844118455074 0.757835118058
1237 0.898636915498 0.683806722907
1238 0.61870564378 0.250536165922
1239 0.309708650486 0.729388756327
1240 0.898920181352 0.684309093797
1241 0.90959325143 0.982495152112
1242 0.471837814662 0.100783533373
1243 0.912979643142 0.966964825071
1244 0.898976077969 0.683696626584
1245 0.477295027735 0.865242255888
1246 0.618627772625 0.250702555849
1247 0.476449791603 0.583023581071
1248 0.434152569657 0.610442871503
1249 0.434389883408 0.610881315774
1250 0.8099199797 0.902054188736
1251 0.31019084499 0.729813639605
1252 0.476310584409 0.583450613669
1253 0.912831692024 0.966606770915
1254 0.433746047715 0.610847524869
1255 0.47682963834 0.583298204764
1256 0.618152429801 0.250538193889
1257 0.471848005697 0.100548167921
1258 0.810155746331 0.902380575322
1259 0.420428748151 0.259042678967
1260 0.907850044025 0.50442489712
1261 0.898865936147 0.684136703269
1262 0.476738447738 0.865367943484
1263 0.420513717853 0.258778114054
1264 0.844417949513 0.758589706668
1265 0.908453478561 0.504814392683
1266 0.511214620003 0.405205165733
1267 0.909565244852 0.983310502518
1268 0.472075276166 0.100632219788
1269 0.434383600525 0.6104969483
1270 0.434412673283 0.61135091512
1271 0.476595617115 0.583396746083
1272 0.511172313631 0.405079685771
1273 0.434425042385 0.610965158423
1274 0.282144013107 0.755455819593
1275 0.907994837999 0.504443244635
1276 0.476506997746 0.583124125777
1277 0.89881455538 0.683671138586
1278 0.476620035664 0.583408955277
1279 0.281594355096 0.755417372747
1280 0.47685149002 0.583498388913
1281 0.908074456919 0.504752409625
1282 0.909388451056 0.982921432254
1283 0.310094227179 0.729880212882
1284 0.477126352319 0.865692749978
1285 0.910136030529 0.982860128966
1286 0.477237865159 0.865622594026
1287 0.809965407931 0.902100154848
1288 0.618477741658 0.250710070495
1289 0.310379973657 0.729508003729
1290 0.310150932423 0.729857103081
1291 0.434232538776 0.610298748983
1292 0.511490333637 0.404898493205
1293 0.81064829376 0.902218671808
1294 0.913144707697 0.966559433615
1295 0.511036113236 0.404860309917
1296 0.84432101881 0.758366263137
1297 0.472186566451 0.10124727322
1298 0.908140375112 0.504465037278
1299 0.476904654069 0.865099667558
1300 0.420797369578 0.259464021807
1301 0.810269238971 0.902005266682
1302 0.909279741788 0.982445240521
1303 0.909936162596 0.9826870763
1304 0.810139784117 0.902088227598
1305 0.511268245403 0.405124449368
1306 0.511178339885 0.404988239464
1307 0.511369287726 0.404813238621
1308 0.618749619887 0.250718423419
1309 0.476360904629 0.582996993525
1310 0.281876082484 0.755942036372
1311 0.618072342477 0.250305815807
1312 0.810217732788 0.902179643102
1313 0.51067504448 0.405166839486
1314 0.810681722176 0.902106604643
1315 0.476918243483 0.86567212757
1316 0.282069777339 0.755560326309
1317 0.28227669163 0.755640655226
1318 0.618147822963 0.250618721811
1319 0.281783477033 0.755941593683
1320 0.434417647309 0.611123266119
1321 0.511393153815 0.404804552944
1322 0.511800824494 0.404993150693
1323 0.471952779633 0.101150860892
1324 0.909807351028 0.983095650861
1325 0.844356862705 0.757771380821
1326 0.908334921138 0.50442779873
1327 0.477013916422 0.865337901694
1328 0.434070846395 0.61080436536
1329 0.476899784297 0.583277505959
1330 0.909814932441 0.982264594568
1331 0.282059968244 0.75536484573
1332 0.476497910359 0.865373273792
1333 0.43379048041 0.610960665954
1334 0.511266213575 0.404689035057
1335 0.433926631438 0.611247919599
1336 0.476351327485 0.583383995373
1337 0.477035972679 0.865778222687
1338 0.472496982629 0.100578031655
1339 0.618432243676 0.250482083857
1340 0.913002859617 0.966442337948
1341 0.476671933462 0.583295811379
1342 0.476694728465 0.583517822126
1343 0.510990475425 0.405340728036
1344 0.810279272077 0.902262605149
1345 0.477006771266 0.865510554288
1346 0.511168191797 0.405511695732
1347 0.907924248073 0.504800568809
1348 0.810029762755 0.902136715481
1349 0.420278107536 0.258811697035
1350 0.844282403949 0.75816968742
1351 0.618219269722 0.250837296855
1352 0.472329765645 0.100875367238
1353 0.309733646443 0.72955950386
1354 0.433681809044 0.610742951887
1355 0.472162240581 0.100728173472
1356 0.281799225442 0.755847982888
1357 0.471479513695 0.10063283003
1358 0.434259397257 0.610656684297
1359 0.476983474411 0.865197958078
1360 0.909830695061 0.98312529818
1361 0.282343882134 0.755937644396
1362 0.912902208851 0.966480180017
1363 0.281796552494 0.755690299388
1364 0.784278210969 0.303619318656
1365 0.472259017938 0.100837253262
1366 0.31031529926 0.729803781476
1367 0.433729266266 0.61107769554
1368 0.844170056929 0.757918895992
1369 0.472252461745 0.10067388154
1370 0.471814097862 0.101083736137
1371 0.434463132243 0.610882207294
1372 0.618387687101 0.250583220418
1373 0.913213077748 0.966769639405
1374 0.420783197504 0.258967475835
1375 0.420413637539 0.259667130787
1376 0.783900120939 0.302894240281
1377 0.420463787552 0.259004154903
1378 0.908203660112 0.504784072099
1379 0.899100157826 0.684076703135
1380 0.909582568973 0.982869767348
1381 0.810341113745 0.902252784571
1382 0.476441290369 0.583433508212
1383 0.310126816185 0.730109763824
1384 0.471981231643 0.100411446558
1385 0.433958664065 0.611033838891
1386 0.282061692552 0.756045247538
1387 0.618468322888 0.250187051906
1388 0.908237410934 0.504534935813
1389 0.477062284196 0.582882697639
1390 0.783849361426 0.30362996796
1391 0.844524168936 0.757718186525
1392 0.899267174392 0.684052667634
1393 0.909822307659 0.982796022344
1394 0.281646085177 0.75561670307
1395 0.310341688568 0.729691444056
1396 0.281858259552 0.755734167501
1397 0.908441353637 0.504822874834
1398 0.30997275121 0.729540305358
1399 0.899181340561 0.684014008253
1400 0.310354204398 0.729478669311
1401 0.844211227721 0.757816870312
1402 0.476693581385 0.583460253736
1403 0.511293902837 0.40521394561
1404 0.810206963866 0.902330597285
1405 0.909650018461 0.982792726743
1406 0.783351144839 0.303665155529
1407 0.618380703801 0.251002904767
1408 0.477287115898 0.86572040201
1409 0.618351242795 0.25095250666
1410 0.909389094142 0.982663382543
1411 0.281715019569 0.755421805859
1412 0.472342165165 0.100763564581
1413 0.810051969409 0.901881614655
1414 0.471970596949 0.101004782362
1415 0.909859098683 0.982613446409
1416 0.909790338619 0.983338999161
1417 0.476848673953 0.865768997183
1418 0.281775518095 0.756034891225
1419 0.899295800644 0.683937344667
1420 0.434118985993 0.611038892911
1421 0.783935333139 0.303261417135
1422 0.783931447458 0.302840626162
1423 0.783568471839 0.303279589278
1424 0.433933009799 0.610745148182
1425 0.310494397177 0.729798738923
1426 0.472214855036 0.100523752492
1427 0.28194274372 0.756119461658
1428 0.471952891526 0.100811960754
1429 0.281825344137 0.755735008326
1430 0.912842509234 0.966336340222
1431 0.844541539552 0.758026419693
1432 0.810081020627 0.902112794622
1433 0.434105692067 0.611003458271
1434 0.47659847306 0.58310018462
1435 0.310106257784 0.730168967947
1436 0.784185192982 0.303344976653
1437 0.618273975235 0.25078916724
1438 0.282067090773 0.755198415959
1439 0.310492847526 0.72991689142
1440 0.844335475678 0.758017605158
1441 0.434534406839 0.610946993154
1442 0.618180312618 0.250495509178
1443 0.281594173729 0.755913486195
1444 0.618544305219 0.25020957269
1445 0.433875980472 0.610857658015
1446 0.310053507303 0.729445348447
1447 0.909587192127 0.982901277508
1448 0.899408975929 0.684207286951
1449 0.477416255787 0.865001820628
1450 0.476636028476 0.865034915231
1451 0.51122388256 0.404947521957
1452 0.907974649144 0.5047467159
1453 0.898902714388 0.684113152655
1454 0.899307790093 0.68368605484
1455 0.434277211366 0.611202707199
1456 0.909913716543 0.982841288067
1457 0.810475948255 0.901848556393
1458 0.471561805339 0.100870725805
1459 0.810177541826 0.902381228949
1460 0.90835166319 0.504943456245
1461 0.909795541185 0.982686559301
1462 0.511185096479 0.405079449835
1463 0.476460470394 0.583564932384
1464 0.909727116193 0.982490417777
1465 0.913340127146 0.966744284442
1466 0.310438621844 0.729699484142
1467 0.898745584891 0.684008074882
1468 0.420241728258 0.259011140976
1469 0.28203401615 0.756254522528
1470 0.476899730597 0.865473601996
1471 0.511586183863 0.404882453472
1472 0.90957576144 0.983189365413
1473 0.783615400645 0.302998686536
1474 0.913143417787 0.966377108436
1475 0.898706174311 0.683978086363
1476 0.909639341021 0.982236767586
1477 0.90971832327 0.983077198023
1478 0.898810423989 0.684110496366
1479 0.783746741507 0.303470724027
1480 0.476849257652 0.583450491741
1481 0.898985328461 0.68399349678
1482 0.420137239587 0.259158958616
1483 0.47641094175 0.58351438703
1484 0.511417418638 0.405026290986
1485 0.844098680912 0.758210454312
1486 0.476885440778 0.583362401208
1487 0.471854930641 0.100570190048
1488 0.472178258003 0.10053954284
1489 0.511345938421 0.405096379189
1490 0.420599739245 0.25916083506
1491 0.310479675173 0.729889899241
1492 0.899115174468 0.683759254555
1493 0.810145965746 0.902394718365
1494 0.810290881146 0.901952184848
1495 0.309925271529 0.730087915718
1496 0.844710038941 0.758166929836
1497 0.434023582383 0.611259626745
1498 0.472473786064 0.100852114667
1499 0.281888249933 0.755961421212
1500 0.434061680514 0.610663754685
1501 0.618758713118 0.251129075983
1502 0.909971462043 0.982898383487
1503 0.912842043343 0.966965102924
1504 0.420608873308 0.25858271949
1505 0.618468396799 0.250771333186
1506 0.472318628963 0.100759616511
1507 0.476497064547 0.583730603901
1508 0.912709954926 0.966415107102
1509 0.617984954546 0.250575169017
1510 0.309960788692 0.730039179711
1511 0.420425618811 0.259297753857
1512 0.476752828995 0.865370134407
1513 0.511084893517 0.404459272649
1514 0.420471402767 0.258782798714
1515 0.511172933516 0.404761489979
1516 0.420508297563 0.258425148759
1517 0.810257923281 0.901794038165
1518 0.909447330362 0.982870626564
1519 0.476946635723 0.583393442716
1520 0.912854586397 0.966816241888
1521 0.89901900126 0.684021668054
1522 0.472099096478 0.100639617975
1523 0.281737928816 0.755734509993
1524 0.477163206071 0.86560564339
1525 0.420570319123 0.259053685209
1526 0.472653439003 0.100634906324
1527 0.78346077225 0.302900845358
1528 0.310394514892 0.729932163179
1529 0.908059903541 0.504617667253
1530 0.310226849495 0.729856380746
1531 0.78407133141 0.302996908515
1532 0.476786593724 0.583393569642
1533 0.912917368826 0.966572204133
1534 0.898511830066 0.683640994481
1535 0.47722017721 0.865008222318
1536 0.912888914867 0.966490634018
1537 0.909690495268 0.982961143555
1538 0.511457154162 0.405016322905
1539 0.912711527455 0.96659027643
1540 0.420690876051 0.258883949672
1541 0.477039979931 0.865381387113
1542 0.477200602374 0.865347612365
1543 0.309791722681 0.729656862771
1544 0.908114132651 0.504604523475
1545 0.844469348257 0.758409506947
1546 0.420516925935 0.258335838301
1547 0.477167417844 0.865411803515
1548 0.844441209669 0.757698965516
1549 0.476863084039 0.583192963817
1550 0.476960029813 0.865202630416
1551 0.511445395141 0.405090374459
1552 0.472213394107 0.100660969894
1553 0.28224627107 0.7556475647
1554 0.476703232433 0.58330214425
1555 0.908185264191 0.504932942128
1556 0.909882471806 0.982852695343
1557 0.810273702689 0.902077091156
1558 0.476588222265 0.86530778788
1559 0.84425217843 0.758166720404
1560 0.810499041377 0.902098944323
1561 0.913517864293 0.966502297694
1562 0.908255545819 0.504530576032
1563 0.898730132343 0.683670557534
1564 0.913134640584 0.966176371526
1565 0.282135233906 0.755544831733
1566 0.907953607593 0.504771660123
1567 0.434006151669 0.611056125497
1568 0.281652701722 0.755731811501
1569 0.43396203906 0.610508572123
1570 0.42045261369 0.259033240445
1571 0.78355012725 0.303720833303
1572 0.282274847365 0.755986960584
1573 0.472070897154 0.100678584278
1574 0.511116382267 0.405131348044
1575 0.476666951643 0.582747006871
1576 0.281965389707 0.756039465263
1577 0.511030627796 0.404990359651
1578 0.476935107856 0.865409558617
1579 0.912902760057 0.966245407284
1580 0.908223928419 0.505055945957
1581 0.476515740988 0.583310278274
1582 0.618165788926 0.250273862328
1583 0.310180496631 0.730098700731
1584 0.420719262177 0.25899322195
1585 0.310239719414 0.729515136242
1586 0.90848861693 0.504704130795
1587 0.434509578631 0.610907462068
1588 0.907776797282 0.504897986939
1589 0.281480612079 0.755689197407
1590 0.309848201415 0.729877664012
1591 0.310200246715 0.729836209675
1592 0.618210255127 0.249928151106
1593 0.90949358422 0.982296954691
1594 0.420764997015 0.259116186812
1595 0.810137119017 0.902393504904
1596 0.433859413686 0.610824743605
1597 0.912786312441 0.966453396052
1598 0.511379536963 0.405204170981
1599 0.843919125975 0.757925762956
1600 0.282052905577 0.755458167032
1601 0.433995912328 0.611171974713
1602 0.310268552011 0.729918919635
1603 0.31013479879 0.729762629577
1604 0.618114468923 0.250539024068
1605 0.472203242129 0.100689935733
1606 0.912990599182 0.966367614516
1607 0.783541145472 0.303154652853
1608 0.477428397313 0.865242306291
1609 0.912858189293 0.966206228957
1610 0.909666807483 0.98253616474
1611 0.913721353265 0.966189730077
1612 0.476666480183 0.583712836079
1613 0.907778276796 0.504940666873
1614 0.310416894251 0.729479074723
1615 0.618571600368 0.250662340698
1616 0.471827774293 0.101049266804
1617 0.282008350257 0.755429218498
1618 0.310703767789 0.729856484403
1619 0.908145495634 0.504708268043
1620 0.433889004553 0.611045953719
1621 0.477325682131 0.865173257667
1622 0.898680233383 0.683784394639
1623 0.420626336915 0.259114668743
1624 0.783948981448 0.303243917454
1625 0.78358214622 0.302700980905
1626 0.310027578438 0.730264044714
1627 0.511105788017 0.404704583191
1628 0.471803808195 0.100731327278
1629 0.844639335434 0.757628141964
1630 0.784495950958 0.303068236048
1631 0.31052765888 0.72919770432
1632 0.47668274256 0.583580176275
1633 0.476933826004 0.865566251118
1634 0.434290017221 0.611128115198
1635 0.476053143851 0.58368329647
1636 0.282315461873 0.755999164869
1637 0.434129162754 0.61095151115
1638 0.618202797893 0.25030326711
1639 0.420909188086 0.259141559549
1640 0.909625724724 0.982620395693
1641 0.281644503215 0.756103317185
1642 0.618650265659 0.250743541444
1643 0.476955928192 0.865342971198
1644 0.909598049743 0.982611733954
1645 0.913273189959 0.966522432755
1646 0.90941514506 0.982952457233
1647 0.844273060172 0.758366297411
1648 0.783632541016 0.30327199919
1649 0.420316786779 0.259090152177
1650 0.476453915011 0.583608178012
1651 0.899030515839 0.684246337716
1652 0.810545756166 0.902111633448
1653 0.281503331831 0.755841828775
1654 0.909652762365 0.982604604229
1655 0.784374948075 0.303233327331
1656 0.899606440643 0.683894550203
1657 0.476286102037 0.583836422176
1658 0.899093221336 0.684330479617
1659 0.783891428187 0.303636424858
1660 0.783691556441 0.303411662766
1661 0.898439394754 0.683631460145
1662 0.420780171031 0.258898522926
1663 0.844075720566 0.758435555102
1664 0.476401219359 0.583391425744
1665 0.309763359463 0.73023259012
1666 0.420065674213 0.258400819084
1667 0.907702354017 0.504594855199
1668 0.510800922293 0.405008925592
1669 0.912580549442 0.966533145291
1670 0.909560843854 0.982380780344
1671 0.420633060249 0.258957679334
1672 0.913065804826 0.966890895767
1673 0.90793905866 0.504831318633
1674 0.434488073839 0.611134263327
1675 0.90951007668 0.982644383199
1676 0.471900772747 0.100634128823
1677 0.281561811034 0.755944375372
1678 0.784277943784 0.303243685936
1679 0.907766870572 0.504616572446
1680 0.61853295411 0.250816451062
1681 0.309894489675 0.729677827149
1682 0.618478791565 0.250491070316
1683 0.913422664177 0.966611168494
1684 0.618291487206 0.250490436131
1685 0.477202006251 0.865724572969
1686 0.47727323839 0.865083450211
1687 0.51096833669 0.404732927364
1688 0.912954401866 0.966472894971
1689 0.844502361043 0.757741558132
1690 0.90778883533 0.505134708341
1691 0.434243316294 0.610614726545
1692 0.476559267271 0.865068205731
1693 0.476746935374 0.865114741834
1694 0.477307906158 0.865367341058
1695 0.420811138505 0.258397498482
1696 0.909587119588 0.983286042711
1697 0.420588851397 0.258847718441
1698 0.472179178056 0.100270738345
1699 0.310335283086 0.730245191757
1700 0.783961509591 0.303011101637
1701 0.434132625269 0.610877411827
1702 0.912768974814 0.966497391176
1703 0.617979048028 0.250334572999
1704 0.907969854091 0.504755704955
1705 0.618381130741 0.250435290049
1706 0.434250371992 0.611009859707
1707 0.783776917761 0.302941510232
1708 0.434369554106 0.611377437453
1709 0.511410678342 0.40515009774
1710 0.908135538037 0.504321230405
1711 0.844651685723 0.758144020842
1712 0.420211778663 0.258769265548
1713 0.810788705689 0.902199890023
1714 0.476309567808 0.583459989562
1715 0.476879895858 0.86564296099
1716 0.43401254264 0.610818550086
1717 0.476866795382 0.583672149592
1718 0.618107794688 0.250986209871
1719 0.78403620937 0.303555742665
1720 0.281601635665 0.756028372283
1721 0.810327553624 0.902179313674
1722 0.844586276466 0.757989965468
1723 0.913152898797 0.96668043561
1724 0.809955907047 0.902415652803
1725 0.783762787251 0.303223372372
1726 0.90781050174 0.504835495875
1727 0.84454013762 0.757978621378
1728 0.809868568451 0.902304835561
1729 0.618552156244 0.250514949768
1730 0.913213299563 0.966252742302
1731 0.908077884927 0.504493539467
1732 0.84413138068 0.758191695832
1733 0.78401074945 0.303297171292
1734 0.810300158873 0.902230515197
1735 0.472048223812 0.100634460918
1736 0.281532326636 0.755486529281
1737 0.617887110964 0.25063487493
1738 0.810258646657 0.901860871318
1739 0.899000176436 0.683550706825
1740 0.511166227835 0.404563576864
1741 0.281782858867 0.755961049463
1742 0.476792691018 0.864801837643
1743 0.309991307536 0.730228363213
1744 0.434294733746 0.610606726959
1745 0.618530720444 0.250159908061
1746 0.420597503911 0.258466870239
1747 0.909792962355 0.983049430022
1748 0.618499345011 0.250252170684
1749 0.434036115047 0.610956902153
1750 0.281939951629 0.755485315709
1751 0.9129156113 0.966241561456
1752 0.912951599746 0.966306006945
1753 0.434661758585 0.610620140996
1754 0.783450252959 0.303313424454
1755 0.844137177022 0.758126454034
1756 0.434379298868 0.610943059602
1757 0.908225266507 0.504871956343
1758 0.476914782736 0.865315521461
1759 0.472691390446 0.100652299178
1760 0.809846789448 0.90242651264
1761 0.81037416413 0.902490790509
1762 0.618316526824 0.25034904115
1763 0.476528884136 0.583572438011
1764 0.898624100854 0.684274879335
1765 0.844692874257 0.757997322907
1766 0.913109948698 0.966636466945
1767 0.476973973381 0.865398675169
1768 0.420723874028 0.259000599526
1769 0.810673789048 0.902266577297
1770 0.476779166272 0.865707499877
1771 0.810670636749 0.902234456945
1772 0.476968901232 0.864917927208
1773 0.281872240854 0.755760053092
1774 0.908183864975 0.504555440377
1775 0.783854796594 0.303332056646
1776 0.9130500551 0.9663029462
1777 0.43458190981 0.611464260781
1778 0.898917166726 0.683812745605
1779 0.844112500171 0.757690741223
1780 0.913114132021 0.966746471635
1781 0.81029846746 0.901977780378
1782 0.281805472479 0.755711293617
1783 0.618361793743 0.250569720019
1784 0.907959701619 0.505181601621
1785 0.810239013211 0.902373923517
1786 0.909941103683 0.982771473304
1787 0.281912345763 0.755867449533
1788 0.783579491777 0.303013438393
1789 0.434262440646 0.610713788753
1790 0.908392989986 0.504586417409
1791 0.309983856711 0.729303924664
1792 0.281879463812 0.755542735588
1793 0.908085382852 0.504351121397
1794 0.476498800722 0.583321739291
1795 0.913103117787 0.966624865103
1796 0.898962384015 0.683428695819
1797 0.282106628048 0.755699460144
1798 0.420490925662 0.259190712383
1799 0.913295052297 0.96671813901
1800 0.909902520267 0.98260983834
1801 0.618279515774 0.250355971782
1802 0.309975561207 0.729888258482
1803 0.78349173229 0.30311040814
1804 0.476118111326 0.583798447665
1805 0.907886483101 0.504540132914
1806 0.281865915861 0.756038695775
1807 0.433383072113 0.611121765837
1808 0.477002075463 0.865438491336
1809 0.89899514687 0.684020172344
1810 0.476617621416 0.583651766383
1811 0.476795674014 0.865327378746
1812 0.511254642706 0.404933721316
1813 0.783323226255 0.303196616917
1814 0.90800845674 0.504869407557
1815 0.433651135541 0.610841027817
1816 0.310137517724 0.730073227098
1817 0.421097073581 0.259115840935
1818 0.810293543264 0.902007866189
1819 0.909622612795 0.982754274279
1820 0.434684613326 0.61068548351
1821 0.510774976629 0.404642402065
1822 0.476501043327 0.865319973807
1823 0.434437413388 0.610632423561
1824 0.912959146472 0.966494477754
1825 0.783824586991 0.303451992221
1826 0.909675824513 0.982977086773
1827 0.908297017816 0.504895767197
1828 0.912598092752 0.966575064794
1829 0.282063397927 0.755791904699
1830 0.476432560615 0.583041017838
1831 0.281696552064 0.755895227371
1832 0.810206936056 0.902462444406
1833 0.843936527581 0.758010736547
1834 0.28171421303 0.755717446129
1835 0.844419923306 0.758106280199
1836 0.434081210179 0.61151620569
1837 0.898903507792 0.68389091116
1838 0.281757391181 0.755948999781
1839 0.913041498789 0.966463342806
1840 0.810324310204 0.901950455919
1841 0.433782416912 0.610800188413
1842 0.434518333902 0.61113059734
1843 0.618442961864 0.250396655577
1844 0.476250130433 0.583305151519
1845 0.907869975099 0.504176661889
1846 0.9083242429 0.504782468382
1847 0.84463901097 0.758242598357
1848 0.47697262869 0.58376770441
1849 0.511118647491 0.405176168986
1850 0.434182698476 0.610561134837
1851 0.476849678784 0.86529530701
1852 0.618198298105 0.250681563793
1853 0.618502215511 0.25022980448
1854 0.898953389205 0.683937933479
1855 0.898925529153 0.683655171442
1856 0.898793663369 0.684085169157
1857 0.511419657462 0.40468830303
1858 0.510985787722 0.405008896893
1859 0.618523895283 0.250531860114
1860 0.809989623456 0.902522032216
1861 0.476672447416 0.583076233386
1862 0.90803224196 0.504922195679
1863 0.420675438029 0.258380302431
1864 0.30978455926 0.72960440547
1865 0.420564196376 0.258545099992
1866 0.51087136792 0.40475856464
1867 0.783898720516 0.303367077509
1868 0.476251587537 0.58369013806
1869 0.618384406936 0.250327976591
1870 0.899087735786 0.683946112874
1871 0.434264074947 0.610920947735
1872 0.844715554492 0.75759887368
1873 0.898989927058 0.683842859301
1874 0.472388524707 0.100479734269
1875 0.472322024672 0.100393467785
1876 0.472276957294 0.100597278716
1877 0.78342363266 0.302975766828
1878 0.434229700591 0.610757432157
1879 0.476957652798 0.583228157333
1880 0.899043385126 0.683678294721
1881 0.476759085143 0.583234942056
1882 0.476913264424 0.865181393855
1883 0.434312235197 0.610401482393
1884 0.310206082304 0.729907080475
1885 0.510998709936 0.404883547425
1886 0.809852825744 0.902296581627
1887 0.909464579163 0.982396237048
1888 0.420676822489 0.25877083792
1889 0.476765323223 0.865376995527
1890 0.476941073579 0.865284433518
1891 0.912972291151 0.966850651382
1892 0.51162439544 0.404922934613
1893 0.912655615444 0.966273393127
1894 0.434569735497 0.610778302527
1895 0.476809413365 0.864962686659
1896 0.913644244929 0.966367553347
1897 0.843887483003 0.757639171363
1898 0.310197856964 0.729963615617
1899 0.907866543675 0.504643504594
1900 0.908411335389 0.504871290646
1901 0.281758182713 0.755798759304
1902 0.476904758855 0.86567991428
1903 0.472256737811 0.100907870559
1904 0.908281761433 0.505001360978
1905 0.471909003009 0.100378012997
1906 0.4203247299 0.25906237178
1907 0.476718576633 0.865396959357
1908 0.909746980957 0.982786975947
1909 0.913052661579 0.966587238835
1910 0.511507094117 0.404717781793
1911 0.420135384778 0.258854791473
1912 0.476240441849 0.583562155869
1913 0.282037685722 0.755809501869
1914 0.909650069685 0.982551441554
1915 0.907926533398 0.504049600226
1916 0.434044308754 0.610892163423
1917 0.310191016031 0.730001481455
1918 0.310212177826 0.730211611233
1919 0.909343964971 0.982965062774
1920 0.618307205579 0.250172602896
1921 0.89897025205 0.68387785644
1922 0.31031781403 0.729836512379
1923 0.898777860793 0.684143820144
1924 0.909977984751 0.98258777318
1925 0.783764074173 0.303436673364
1926 0.908450960748 0.504797434511
1927 0.909804227462 0.982834109043
1928 0.511676582107 0.404453188656
1929 0.476448903678 0.583439464825
1930 0.898799908353 0.683981716272
1931 0.784060190554 0.303325941422
1932 0.434414624926 0.610660898006
1933 0.477257555185 0.865155742812
1934 0.281778902231 0.755939456459
1935 0.909711959407 0.982791164309
1936 0.844460536088 0.758139775169
1937 0.618821569745 0.250187319271
1938 0.476461899155 0.583101723873
1939 0.912925325088 0.966856680121
1940 0.809994983564 0.902289075853
1941 0.783775371208 0.302865756801
1942 0.309683100905 0.72963834962
1943 0.434537100375 0.6109326715
1944 0.844285418227 0.758044519378
1945 0.783729879325 0.303342118442
1946 0.898343302325 0.684010696521
1947 0.477210720727 0.583254532262
1948 0.281909230234 0.755908278103
1949 0.421046093864 0.259045551978
1950 0.907857026207 0.504739902077
1951 0.47195614691 0.10083480573
1952 0.309881289617 0.730070283441
1953 0.618143629469 0.250403305738
1954 0.476902115205 0.583268934605
1955 0.310068467555 0.730169709752
1956 0.909481238963 0.982636791285
1957 0.476540362281 0.583299381009
1958 0.476510806569 0.58362803065
1959 0.844556447894 0.758414027042
1960 0.472475102887 0.100728992766
1961 0.910075029574 0.983016303109
1962 0.90794082437 0.504843983998
1963 0.810452856663 0.901760030182
1964 0.908180784018 0.504635921837
1965 0.810030634445 0.901585553862
1966 0.281542856377 0.755979609568
1967 0.908334257431 0.504642694484
1968 0.511174937228 0.405092462357
1969 0.477313203627 0.865053394976
1970 0.476569244261 0.583519401586
1971 0.81023821574 0.902278756385
1972 0.912970062445 0.966946315347
1973 0.511245944065 0.405064269324
1974 0.476827926173 0.583395701819
1975 0.476590829547 0.864886056582
1976 0.618500223388 0.250557846042
1977 0.618383809057 0.250612359448
1978 0.476346943407 0.583432643208
1979 0.899122841544 0.683872409886
1980 0.420755195536 0.259083624428
1981 0.420201834829 0.258813543284
1982 0.475924352181 0.58328931058
1983 0.511502984004 0.404825674838
1984 0.912627489992 0.96699527496
1985 0.913116989285 0.966415582024
1986 0.476942923709 0.583628031576
1987 0.281731199934 0.75582809158
1988 0.420741531937 0.25865479338
1989 0.511360460179 0.40514833686
1990 0.476616685018 0.583404843743
1991 0.476672310199 0.865433108767
1992 0.810063706578 0.901675684504
1993 0.908089597909 0.504651620156
1994 0.476857720942 0.58342527265
1995 0.434456878841 0.610660618405
1996 0.434072122227 0.610904166041
1997 0.618334428706 0.250335396228
1998 0.51153898691 0.404908644065
1999 0.310525026945 0.729813415384
2000 0.281560977874 0.755732672241
2001 0.618177742094 0.250419722825
2002 0.421085596627 0.258794777654
2003 0.898359563026 0.684169198013
2004 0.61802226085 0.250071538499
2005 0.51133060906 0.404367894228
2006 0.281634866807 0.755722276263
2007 0.912917727321 0.966762964821
2008 0.281955878285 0.755886422235
2009 0.420518996578 0.258703802487
2010 0.844347183528 0.757762653872
2011 0.472424473031 0.100541395171
2012 0.913226984737 0.96649306971
2013 0.899181126573 0.684027016815
2014 0.476824080914 0.865223164862
2015 0.909595646153 0.98292350315
2016 0.618411598016 0.250779753359
2017 0.783850013423 0.30331857986
2018 0.281817123001 0.755870074763
2019 0.434342848536 0.611008123452
2020 0.434147720459 0.610629849744
2021 0.472127573732 0.100956334973
2022 0.471976357379 0.101109253341
2023 0.281793701005 0.755657227265
2024 0.618578193938 0.250740954273
2025 0.511791479462 0.404739100956
2026 0.476587734187 0.583402701489
2027 0.47682056157 0.86521085031
2028 0.476973156983 0.865662581286
2029 0.281974904823 0.755933140758
2030 0.898862578595 0.684194426749
2031 0.511352623072 0.404952786352
2032 0.784106763719 0.303521391223
2033 0.912802243348 0.966612723769
2034 0.909672861018 0.982448301157
2035 0.511349653743 0.404416885544
2036 0.9096358982 0.982482656211
2037 0.51080333961 0.405351517841
2038 0.844452345703 0.757616752094
2039 0.810078163479 0.902172227514
2040 0.810490226782 0.902066004475
2041 0.434111783581 0.610749337245
2042 0.434455318999 0.611397337966
2043 0.510886719962 0.405175389657
2044 0.907844850422 0.504446327718
2045 0.47632901332 0.583563905023
2046 0.910108461458 0.982636361599
2047 0.420441683262 0.258616616008
2048 0.909554906246 0.983162863203
