2048
0 8
8 4
12 3
15 7
22 3
25 8
33 8
41 7
48 2
50 5
55 4
59 8
67 4
71 8
79 4
83 7
90 6
96 3
99 2
101 6
107 4
111 5
116 6
122 2
124 6
130 4
134 4
138 8
146 8
154 5
159 2
161 7
168 4
172 3
175 7
182 3
185 7
192 7
199 3
202 6
208 8
216 2
218 5
223 4
227 7
234 5
239 2
241 3
244 5
249 4
253 7
260 5
265 4
269 5
274 5
279 8
287 3
290 6
296 4
300 3
303 7
310 5
315 6
321 2
323 2
325 6
331 4
335 4
339 8
347 7
354 8
362 4
366 7
373 5
378 7
385 4
389 8
397 4
401 8
409 6
415 5
420 3
423 5
428 5
433 4
437 5
442 3
445 2
447 8
455 3
458 3
461 3
464 8
472 7
479 3
482 6
488 3
491 2
493 6
499 8
507 6
513 2
515 6
521 3
524 3
527 5
532 8
540 8
548 4
552 2
554 7
561 4
565 2
567 7
574 8
582 6
588 2
590 8
598 6
604 3
607 6
613 6
619 6
625 8
633 2
635 8
643 5
648 4
652 4
656 7
663 4
667 6
673 8
681 3
684 3
687 3
690 2
692 8
700 8
708 4
712 5
717 8
725 2
727 7
734 3
737 2
739 8
747 8
755 3
758 5
763 4
767 4
771 3
774 3
777 4
781 5
786 4
790 6
796 2
798 7
805 2
807 4
811 8
819 8
827 4
831 4
835 2
837 7
844 2
846 5
851 4
855 7
862 7
869 4
873 3
876 5
881 5
886 5
891 2
893 7
900 3
903 7
910 2
912 8
920 8
928 6
934 5
939 6
945 5
950 5
955 6
961 2
963 4
967 2
969 4
973 7
980 5
985 2
987 4
991 3
994 6
1000 3
1003 4
1007 2
1009 5
1014 8
1022 6
1028 8
1036 5
1041 7
1048 6
1054 4
1058 3
1061 2
1063 7
1070 2
1072 3
1075 7
1082 7
1089 6
1095 6
1101 7
1108 8
1116 8
1124 4
1128 2
1130 7
1137 4
1141 8
1149 7
1156 2
1158 3
1161 6
1167 5
1172 2
1174 5
1179 4
1183 4
1187 4
1191 8
1199 6
1205 3
1208 3
1211 3
1214 4
1218 4
1222 3
1225 6
1231 4
1235 4
1239 6
1245 7
1252 8
1260 3
1263 8
1271 7
1278 6
1284 7
1291 6
1297 3
1300 4
1304 5
1309 3
1312 7
1319 7
1326 5
1331 3
1334 2
1336 3
1339 5
1344 2
1346 3
1349 5
1354 7
1361 8
1369 6
1375 7
1382 8
1390 3
1393 6
1399 2
1401 6
1407 2
1409 3
1412 8
1420 5
1425 8
1433 5
1438 3
1441 2
1443 4
1447 2
1449 5
1454 6
1460 2
1462 4
1466 8
1474 8
1482 7
1489 8
1497 6
1503 5
1508 2
1510 7
1517 4
1521 5
1526 3
1529 4
1533 2
1535 2
1537 2
1539 3
1542 2
1544 8
1552 6
1558 5
1563 6
1569 5
1574 4
1578 7
1585 4
1589 8
1597 5
1602 6
1608 2
1610 2
1612 2
1614 4
1618 8
1626 4
1630 2
1632 6
1638 8
1646 7
1653 6
1659 3
1662 7
1669 2
1671 6
1677 4
1681 7
1688 3
1691 2
1693 5
1698 6
1704 7
1711 2
1713 3
1716 3
1719 3
1722 7
1729 4
1733 7
1740 6
1746 5
1751 3
1754 5
1759 8
1767 6
1773 2
1775 7
1782 6
1788 5
1793 4
1797 4
1801 4
1805 3
1808 3
1811 8
1819 3
1822 7
1829 2
1831 5
1836 2
1838 5
1843 8
1851 4
1855 7
1862 4
1866 4
1870 3
1873 5
1878 2
1880 3
1883 6
1889 5
1894 4
1898 4
1902 6
1908 7
1915 6
1921 4
1925 6
1931 4
1935 8
1943 8
1951 8
1959 5
1964 6
1970 8
1978 2
1980 8
1988 3
1991 8
1999 5
2004 5
2009 7
2016 3
2019 2
2021 8
2029 2
2031 3
2034 4
2038 8
2046 5
2051 8
2059 3
2062 8
2070 5
2075 3
2078 5
2083 4
2087 5
2092 6
2098 5
2103 5
2108 7
2115 4
2119 2
2121 8
2129 4
2133 3
2136 2
2138 4
2142 7
2149 7
2156 5
2161 2
2163 3
2166 5
2171 6
2177 6
2183 4
2187 7
2194 4
2198 2
2200 7
2207 5
2212 4
2216 2
2218 6
2224 2
2226 3
2229 7
2236 4
2240 3
2243 2
2245 4
2249 3
2252 3
2255 5
2260 7
2267 2
2269 3
2272 7
2279 8
2287 2
2289 7
2296 6
2302 7
2309 3
2312 6
2318 7
2325 5
2330 4
2334 4
2338 7
2345 6
2351 5
2356 5
2361 8
2369 2
2371 7
2378 4
2382 4
2386 6
2392 4
2396 4
2400 4
2404 6
2410 6
2416 2
2418 4
2422 2
2424 5
2429 7
2436 4
2440 6
2446 3
2449 4
2453 6
2459 7
2466 3
2469 7
2476 3
2479 3
2482 7
2489 6
2495 2
2497 2
2499 6
2505 7
2512 7
2519 8
2527 2
2529 2
2531 6
2537 4
2541 3
2544 6
2550 6
2556 5
2561 6
2567 8
2575 5
2580 7
2587 7
2594 7
2601 8
2609 4
2613 4
2617 6
2623 8
2631 8
2639 5
2644 4
2648 4
2652 5
2657 4
2661 8
2669 3
2672 4
2676 6
2682 3
2685 5
2690 5
2695 5
2700 7
2707 2
2709 6
2715 5
2720 3
2723 6
2729 4
2733 6
2739 6
2745 7
2752 7
2759 7
2766 2
2768 7
2775 2
2777 2
2779 8
2787 7
2794 8
2802 6
2808 2
2810 7
2817 4
2821 5
2826 2
2828 7
2835 4
2839 8
2847 5
2852 5
2857 8
2865 2
2867 4
2871 3
2874 7
2881 8
2889 5
2894 6
2900 8
2908 7
2915 3
2918 8
2926 5
2931 6
2937 2
2939 4
2943 2
2945 8
2953 6
2959 6
2965 5
2970 3
2973 4
2977 4
2981 8
2989 7
2996 3
2999 3
3002 3
3005 2
3007 6
3013 2
3015 2
3017 4
3021 6
3027 7
3034 4
3038 4
3042 3
3045 5
3050 3
3053 5
3058 5
3063 3
3066 3
3069 3
3072 5
3077 8
3085 6
3091 2
3093 2
3095 6
3101 2
3103 3
3106 7
3113 7
3120 2
3122 7
3129 5
3134 7
3141 8
3149 5
3154 7
3161 3
3164 8
3172 2
3174 4
3178 8
3186 3
3189 4
3193 4
3197 8
3205 7
3212 3
3215 2
3217 2
3219 4
3223 5
3228 2
3230 6
3236 8
3244 6
3250 6
3256 4
3260 3
3263 2
3265 8
3273 6
3279 6
3285 6
3291 6
3297 3
3300 5
3305 4
3309 2
3311 6
3317 8
3325 7
3332 2
3334 2
3336 8
3344 3
3347 6
3353 2
3355 8
3363 8
3371 6
3377 2
3379 5
3384 2
3386 5
3391 3
3394 3
3397 5
3402 5
3407 4
3411 4
3415 3
3418 4
3422 2
3424 5
3429 5
3434 5
3439 3
3442 2
3444 8
3452 4
3456 7
3463 7
3470 7
3477 8
3485 7
3492 5
3497 3
3500 6
3506 6
3512 7
3519 7
3526 5
3531 4
3535 4
3539 8
3547 8
3555 4
3559 8
3567 2
3569 2
3571 8
3579 5
3584 2
3586 8
3594 2
3596 3
3599 5
3604 2
3606 6
3612 2
3614 4
3618 7
3625 5
3630 4
3634 7
3641 7
3648 7
3655 3
3658 2
3660 8
3668 2
3670 8
3678 7
3685 8
3693 4
3697 8
3705 2
3707 4
3711 2
3713 5
3718 2
3720 4
3724 3
3727 8
3735 3
3738 4
3742 3
3745 5
3750 5
3755 4
3759 7
3766 3
3769 8
3777 3
3780 6
3786 2
3788 7
3795 7
3802 4
3806 2
3808 7
3815 2
3817 8
3825 8
3833 6
3839 2
3841 2
3843 8
3851 6
3857 7
3864 7
3871 6
3877 2
3879 4
3883 3
3886 2
3888 3
3891 5
3896 4
3900 6
3906 6
3912 8
3920 3
3923 4
3927 8
3935 5
3940 5
3945 2
3947 3
3950 7
3957 5
3962 6
3968 7
3975 4
3979 2
3981 4
3985 7
3992 2
3994 2
3996 2
3998 3
4001 8
4009 2
4011 7
4018 3
4021 2
4023 5
4028 2
4030 6
4036 4
4040 7
4047 4
4051 3
4054 6
4060 8
4068 4
4072 4
4076 6
4082 5
4087 4
4091 5
4096 4
4100 3
4103 3
4106 8
4114 7
4121 8
4129 3
4132 8
4140 2
4142 4
4146 5
4151 7
4158 3
4161 8
4169 4
4173 4
4177 7
4184 4
4188 6
4194 8
4202 6
4208 6
4214 8
4222 7
4229 4
4233 4
4237 6
4243 2
4245 4
4249 8
4257 2
4259 3
4262 2
4264 2
4266 2
4268 2
4270 2
4272 2
4274 6
4280 6
4286 4
4290 2
4292 6
4298 8
4306 2
4308 2
4310 3
4313 8
4321 4
4325 2
4327 6
4333 2
4335 7
4342 8
4350 6
4356 8
4364 7
4371 4
4375 3
4378 7
4385 4
4389 4
4393 8
4401 6
4407 3
4410 8
4418 7
4425 8
4433 6
4439 2
4441 6
4447 5
4452 2
4454 5
4459 7
4466 3
4469 4
4473 4
4477 5
4482 6
4488 4
4492 6
4498 7
4505 7
4512 7
4519 3
4522 7
4529 4
4533 6
4539 5
4544 4
4548 6
4554 3
4557 5
4562 3
4565 3
4568 6
4574 5
4579 6
4585 7
4592 2
4594 4
4598 4
4602 6
4608 6
4614 2
4616 8
4624 3
4627 5
4632 5
4637 4
4641 8
4649 3
4652 5
4657 2
4659 8
4667 3
4670 3
4673 3
4676 8
4684 7
4691 4
4695 8
4703 5
4708 2
4710 8
4718 2
4720 3
4723 5
4728 4
4732 4
4736 2
4738 3
4741 8
4749 6
4755 8
4763 3
4766 6
4772 2
4774 3
4777 3
4780 7
4787 8
4795 7
4802 2
4804 2
4806 8
4814 3
4817 6
4823 4
4827 7
4834 3
4837 8
4845 6
4851 4
4855 8
4863 8
4871 8
4879 8
4887 6
4893 3
4896 7
4903 6
4909 5
4914 2
4916 4
4920 8
4928 6
4934 4
4938 8
4946 3
4949 4
4953 4
4957 8
4965 6
4971 3
4974 4
4978 3
4981 4
4985 7
4992 2
4994 5
4999 7
5006 7
5013 7
5020 8
5028 2
5030 2
5032 5
5037 6
5043 5
5048 6
5054 3
5057 8
5065 7
5072 3
5075 4
5079 6
5085 7
5092 2
5094 5
5099 4
5103 3
5106 3
5109 8
5117 8
5125 6
5131 2
5133 3
5136 4
5140 4
5144 5
5149 5
5154 2
5156 4
5160 3
5163 6
5169 4
5173 4
5177 3
5180 6
5186 3
5189 5
5194 3
5197 5
5202 4
5206 4
5210 7
5217 4
5221 7
5228 2
5230 3
5233 8
5241 7
5248 8
5256 2
5258 7
5265 4
5269 4
5273 7
5280 8
5288 6
5294 3
5297 3
5300 7
5307 2
5309 3
5312 8
5320 3
5323 6
5329 3
5332 6
5338 3
5341 7
5348 4
5352 2
5354 7
5361 3
5364 8
5372 6
5378 5
5383 7
5390 3
5393 4
5397 6
5403 8
5411 5
5416 4
5420 7
5427 4
5431 5
5436 2
5438 7
5445 7
5452 2
5454 7
5461 5
5466 8
5474 4
5478 6
5484 3
5487 2
5489 4
5493 8
5501 7
5508 2
5510 6
5516 3
5519 3
5522 3
5525 4
5529 6
5535 6
5541 6
5547 8
5555 3
5558 4
5562 6
5568 3
5571 5
5576 8
5584 5
5589 7
5596 4
5600 6
5606 2
5608 3
5611 3
5614 7
5621 5
5626 3
5629 5
5634 8
5642 8
5650 3
5653 5
5658 6
5664 7
5671 5
5676 4
5680 7
5687 3
5690 2
5692 3
5695 7
5702 7
5709 5
5714 2
5716 6
5722 5
5727 7
5734 6
5740 6
5746 2
5748 5
5753 6
5759 8
5767 2
5769 8
5777 7
5784 2
5786 8
5794 8
5802 7
5809 8
5817 5
5822 6
5828 8
5836 4
5840 3
5843 4
5847 5
5852 3
5855 3
5858 3
5861 4
5865 8
5873 5
5878 5
5883 5
5888 8
5896 5
5901 3
5904 3
5907 8
5915 7
5922 3
5925 5
5930 4
5934 2
5936 8
5944 7
5951 3
5954 3
5957 4
5961 8
5969 2
5971 6
5977 3
5980 6
5986 5
5991 6
5997 4
6001 7
6008 8
6016 2
6018 3
6021 2
6023 4
6027 5
6032 7
6039 8
6047 3
6050 8
6058 5
6063 2
6065 2
6067 7
6074 5
6079 7
6086 7
6093 4
6097 7
6104 4
6108 8
6116 5
6121 2
6123 7
6130 5
6135 8
6143 4
6147 4
6151 6
6157 2
6159 5
6164 7
6171 2
6173 5
6178 2
6180 5
6185 2
6187 3
6190 7
6197 7
6204 7
6211 7
6218 6
6224 7
6231 5
6236 5
6241 6
6247 6
6253 5
6258 7
6265 2
6267 7
6274 4
6278 8
6286 7
6293 7
6300 8
6308 4
6312 3
6315 3
6318 3
6321 5
6326 7
6333 7
6340 2
6342 4
6346 8
6354 4
6358 7
6365 2
6367 2
6369 3
6372 5
6377 5
6382 5
6387 3
6390 6
6396 3
6399 6
6405 2
6407 6
6413 5
6418 4
6422 6
6428 4
6432 4
6436 8
6444 6
6450 5
6455 2
6457 2
6459 3
6462 2
6464 2
6466 4
6470 7
6477 2
6479 8
6487 2
6489 3
6492 3
6495 5
6500 2
6502 4
6506 5
6511 8
6519 6
6525 2
6527 5
6532 4
6536 3
6539 5
6544 3
6547 5
6552 6
6558 8
6566 5
6571 8
6579 5
6584 3
6587 5
6592 8
6600 8
6608 4
6612 2
6614 7
6621 2
6623 7
6630 3
6633 4
6637 2
6639 3
6642 5
6647 3
6650 2
6652 5
6657 7
6664 7
6671 8
6679 2
6681 3
6684 7
6691 4
6695 7
6702 3
6705 6
6711 8
6719 3
6722 8
6730 4
6734 6
6740 6
6746 4
6750 4
6754 2
6756 7
6763 4
6767 5
6772 5
6777 4
6781 3
6784 2
6786 5
6791 6
6797 8
6805 3
6808 2
6810 2
6812 3
6815 3
6818 6
6824 5
6829 4
6833 8
6841 7
6848 6
6854 4
6858 5
6863 8
6871 4
6875 4
6879 8
6887 7
6894 3
6897 5
6902 5
6907 3
6910 2
6912 8
6920 4
6924 2
6926 7
6933 3
6936 8
6944 8
6952 3
6955 3
6958 6
6964 2
6966 7
6973 5
6978 3
6981 6
6987 8
6995 4
6999 4
7003 3
7006 6
7012 3
7015 7
7022 3
7025 7
7032 6
7038 2
7040 8
7048 2
7050 3
7053 7
7060 3
7063 8
7071 5
7076 2
7078 3
7081 6
7087 6
7093 8
7101 6
7107 3
7110 5
7115 3
7118 5
7123 7
7130 2
7132 5
7137 7
7144 2
7146 8
7154 5
7159 4
7163 8
7171 5
7176 8
7184 3
7187 4
7191 7
7198 3
7201 3
7204 5
7209 4
7213 7
7220 3
7223 2
7225 7
7232 6
7238 4
7242 5
7247 3
7250 5
7255 6
7261 3
7264 6
7270 6
7276 8
7284 3
7287 2
7289 2
7291 4
7295 5
7300 6
7306 3
7309 8
7317 3
7320 6
7326 2
7328 6
7334 6
7340 8
7348 5
7353 2
7355 4
7359 6
7365 5
7370 3
7373 3
7376 8
7384 6
7390 3
7393 4
7397 8
7405 5
7410 6
7416 8
7424 8
7432 5
7437 8
7445 5
7450 4
7454 2
7456 5
7461 5
7466 5
7471 2
7473 3
7476 8
7484 3
7487 8
7495 5
7500 8
7508 6
7514 3
7517 5
7522 4
7526 2
7528 5
7533 4
7537 7
7544 5
7549 3
7552 2
7554 2
7556 4
7560 8
7568 5
7573 8
7581 8
7589 8
7597 2
7599 4
7603 5
7608 4
7612 4
7616 2
7618 7
7625 3
7628 5
7633 2
7635 6
7641 7
7648 4
7652 2
7654 5
7659 4
7663 3
7666 3
7669 2
7671 6
7677 4
7681 5
7686 6
7692 2
7694 3
7697 7
7704 7
7711 2
7713 6
7719 3
7722 5
7727 7
7734 6
7740 6
7746 4
7750 8
7758 7
7765 8
7773 8
7781 6
7787 7
7794 2
7796 5
7801 7
7808 5
7813 2
7815 6
7821 8
7829 5
7834 8
7842 8
7850 3
7853 6
7859 2
7861 2
7863 5
7868 3
7871 3
7874 7
7881 2
7883 7
7890 8
7898 5
7903 3
7906 8
7914 8
7922 2
7924 4
7928 8
7936 6
7942 5
7947 2
7949 2
7951 5
7956 2
7958 4
7962 7
7969 7
7976 8
7984 4
7988 4
7992 4
7996 2
7998 8
8006 6
8012 3
8015 5
8020 5
8025 4
8029 2
8031 6
8037 3
8040 7
8047 5
8052 5
8057 6
8063 5
8068 2
8070 3
8073 8
8081 3
8084 5
8089 3
8092 7
8099 7
8106 3
8109 2
8111 3
8114 3
8117 2
8119 6
8125 7
8132 3
8135 6
8141 7
8148 7
8155 7
8162 3
8165 2
8167 2
8169 6
8175 8
8183 8
8191 6
8197 2
8199 7
8206 5
8211 3
8214 3
8217 6
8223 3
8226 2
8228 3
8231 4
8235 3
8238 2
8240 8
8248 2
8250 5
8255 3
8258 4
8262 3
8265 7
8272 4
8276 3
8279 3
8282 5
8287 4
8291 6
8297 4
8301 4
8305 3
8308 7
8315 6
8321 7
8328 7
8335 8
8343 5
8348 7
8355 6
8361 5
8366 2
8368 7
8375 8
8383 5
8388 2
8390 5
8395 3
8398 2
8400 4
8404 5
8409 4
8413 6
8419 6
8425 5
8430 3
8433 7
8440 3
8443 8
8451 3
8454 8
8462 8
8470 2
8472 2
8474 2
8476 5
8481 2
8483 4
8487 2
8489 7
8496 2
8498 7
8505 5
8510 5
8515 3
8518 6
8524 5
8529 8
8537 4
8541 7
8548 2
8550 7
8557 5
8562 4
8566 2
8568 7
8575 2
8577 5
8582 4
8586 2
8588 7
8595 4
8599 6
8605 2
8607 2
8609 6
8615 4
8619 8
8627 8
8635 5
8640 7
8647 4
8651 3
8654 4
8658 3
8661 5
8666 8
8674 6
8680 2
8682 4
8686 3
8689 3
8692 4
8696 8
8704 3
8707 3
8710 5
8715 5
8720 8
8728 8
8736 3
8739 8
8747 3
8750 6
8756 3
8759 6
8765 5
8770 2
8772 8
8780 4
8784 4
8788 3
8791 2
8793 8
8801 5
8806 5
8811 4
8815 6
8821 2
8823 5
8828 8
8836 7
8843 2
8845 7
8852 8
8860 4
8864 6
8870 8
8878 5
8883 2
8885 2
8887 7
8894 5
8899 3
8902 6
8908 6
8914 2
8916 2
8918 3
8921 6
8927 5
8932 8
8940 8
8948 8
8956 7
8963 3
8966 6
8972 4
8976 4
8980 2
8982 3
8985 6
8991 6
8997 5
9002 8
9010 2
9012 6
9018 2
9020 5
9025 8
9033 4
9037 7
9044 2
9046 6
9052 7
9059 4
9063 3
9066 3
9069 2
9071 2
9073 2
9075 8
9083 2
9085 7
9092 5
9097 7
9104 2
9106 4
9110 8
9118 5
9123 5
9128 6
9134 6
9140 4
9144 3
9147 2
9149 7
9156 8
9164 8
9172 4
9176 3
9179 6
9185 5
9190 2
9192 7
9199 3
9202 8
9210 3
9213 6
9219 4
9223 4
9227 3
9230 7
9237 8
9245 3
9248 6
9254 3
9257 5
9262 3
9265 2
9267 3
9270 3
9273 6
9279 8
9287 6
9293 3
9296 2
9298 2
9300 4
9304 5
9309 8
9317 2
9319 2
9321 7
9328 2
9330 5
9335 6
9341 8
9349 5
9354 6
9360 5
9365 7
9372 8
9380 7
9387 6
9393 4
9397 8
9405 2
9407 2
9409 5
9414 6
9420 7
9427 2
9429 7
9436 7
9443 5
9448 6
9454 8
9462 5
9467 5
9472 2
9474 8
9482 8
9490 6
9496 4
9500 2
9502 2
9504 2
9506 8
9514 3
9517 8
9525 6
9531 8
9539 6
9545 5
9550 5
9555 4
9559 2
9561 3
9564 6
9570 8
9578 7
9585 5
9590 6
9596 5
9601 3
9604 8
9612 2
9614 6
9620 3
9623 6
9629 7
9636 4
9640 5
9645 3
9648 3
9651 6
9657 6
9663 7
9670 3
9673 6
9679 6
9685 2
9687 3
9690 8
9698 4
9702 5
9707 8
9715 6
9721 2
9723 7
9730 4
9734 4
9738 4
9742 8
9750 6
9756 7
9763 7
9770 5
9775 4
9779 8
9787 6
9793 3
9796 6
9802 5
9807 4
9811 8
9819 8
9827 3
9830 3
9833 5
9838 7
9845 6
9851 2
9853 7
9860 4
9864 8
9872 5
9877 2
9879 7
9886 2
9888 3
9891 8
9899 8
9907 6
9913 6
9919 5
9924 5
9929 6
9935 8
9943 8
9951 8
9959 2
9961 7
9968 7
9975 4
9979 6
9985 7
9992 5
9997 8
10005 3
10008 2
10010 8
10018 6
10024 8
10032 8
10040 4
10044 3
10047 4
10051 2
10053 8
10061 3
10064 6
811
10070
132 1
1468 3
1654 3
88 1
1592 1
1768 5
1175 7
165 5
885 3
1641 9
1554 8
1306 8
226 10
1937 10
535 6
1346 3
1032 4
1665 4
505 2
998 10
1191 6
303 4
1215 5
392 7
180 6
22 10
1288 6
801 5
1232 6
1215 6
264 4
1152 7
599 3
895 7
1721 2
1430 5
1602 8
1783 2
243 4
690 10
259 3
1742 1
169 2
1619 2
1347 9
1404 8
1774 6
1000 4
807 3
1440 3
699 6
630 8
1359 10
1611 8
1237 2
1532 8
1490 9
600 8
77 9
1327 3
52 5
480 7
1692 10
1209 6
1731 7
1054 2
1232 4
1994 8
1191 4
2007 1
1332 10
1848 3
721 9
1173 5
1354 9
623 4
77 7
911 10
1235 10
1371 3
835 8
662 2
1890 3
558 8
413 3
1797 8
1963 2
79 3
620 5
435 5
1608 4
1947 6
1793 9
1718 9
1067 10
882 3
1460 4
26 9
868 5
666 7
760 1
1334 7
411 1
1531 4
59 1
1793 10
1444 3
1610 7
380 7
984 2
744 5
1682 4
782 6
959 8
21 2
356 3
1403 3
1092 6
1313 10
458 7
1540 8
955 2
1976 6
677 7
895 1
487 8
646 9
1175 8
1661 1
514 6
1405 5
576 8
1569 2
297 9
1612 10
1418 1
1930 6
589 7
1864 1
89 7
326 6
1539 2
1828 3
833 7
105 7
1809 6
1450 4
600 8
992 5
1423 6
503 10
245 5
1115 6
721 7
1129 3
1328 6
253 6
702 9
1347 8
228 6
1443 3
124 1
967 7
1292 5
973 6
386 3
1886 7
757 3
189 9
248 7
675 6
706 4
1422 10
1379 8
1355 5
1143 1
737 10
557 3
1630 8
899 10
1907 1
932 5
758 8
1918 10
385 2
874 2
621 5
1450 8
658 1
1514 10
459 4
927 7
1625 3
1257 8
787 1
252 6
453 4
1536 4
799 4
1406 1
825 6
522 3
1364 3
491 6
744 6
1534 8
1417 4
146 7
285 6
1009 8
1842 4
747 10
1931 3
2023 2
1358 9
476 9
961 9
384 2
1818 1
1938 8
801 7
1830 6
380 10
1719 9
1266 6
1900 8
1355 3
2046 5
302 5
124 5
319 6
1985 4
1804 8
249 1
675 7
1678 7
321 7
45 6
806 5
604 2
73 4
1201 2
1887 7
1097 4
1739 6
696 2
1249 8
1575 4
699 1
2031 9
1675 2
731 5
1169 1
311 5
569 4
1737 1
439 2
1118 3
1783 10
858 1
1089 2
372 7
1337 7
546 2
1709 2
762 3
821 6
59 1
1009 10
492 10
765 6
1273 8
1964 4
1859 6
397 10
739 6
1817 9
1819 1
1393 6
709 4
849 5
530 1
349 2
352 7
649 5
468 3
1319 6
59 10
653 6
1208 10
1336 9
40 10
1027 7
110 4
1717 2
1570 8
807 10
1523 4
388 5
1603 2
771 2
828 6
1218 5
150 1
1914 10
1926 7
1909 9
773 5
432 3
1159 7
1697 5
9 5
330 5
2007 4
537 1
1114 7
1040 5
225 3
1695 6
635 5
1704 10
1762 3
743 9
1055 5
1774 3
431 8
1581 8
2000 8
1717 10
585 5
385 9
1227 8
1478 3
348 10
1696 8
345 1
1470 1
1866 7
434 4
903 9
1822 3
59 7
1240 8
1033 9
586 7
2047 10
633 1
1708 7
537 2
1497 6
1524 6
1470 3
1335 2
1262 7
726 2
2044 3
417 9
1417 10
1660 1
1698 4
900 9
1538 8
332 9
323 6
869 1
1030 8
62 1
718 8
615 1
588 9
210 10
646 9
689 10
1654 2
583 1
736 3
497 5
1226 2
1608 10
413 4
1769 10
363 7
1071 1
1259 4
836 3
1425 8
1833 2
445 5
726 1
1106 8
67 10
1 8
791 6
1968 6
1995 10
1286 9
922 4
1925 8
102 2
932 1
1517 2
409 10
534 3
973 3
934 10
342 9
557 10
1598 1
1622 8
455 7
1709 9
90 2
530 8
1111 5
1002 5
265 3
1636 2
1656 5
202 5
272 3
1597 8
1209 6
919 4
971 4
105 5
42 6
1703 2
906 9
909 5
1600 5
112 7
1631 1
1843 8
1181 5
1477 7
1214 6
1924 3
483 5
1615 3
874 10
936 2
1165 10
721 6
949 7
1433 2
627 1
1960 2
556 10
662 4
96 2
1513 7
1595 3
1384 2
1909 7
1473 4
1937 2
134 3
1226 4
640 9
1406 3
1224 3
46 3
984 7
1268 10
2009 2
908 3
242 8
1506 9
203 8
1554 9
1159 1
1492 1
214 2
2001 9
168 6
373 6
1253 3
300 6
1541 5
1660 7
1370 8
571 2
245 3
676 8
611 4
1488 9
1527 9
2017 10
1388 3
357 2
1586 1
642 4
1361 10
701 2
866 1
110 6
1693 7
1072 3
215 3
1589 3
1917 9
1197 1
1506 6
160 6
1750 5
1962 4
1075 9
432 4
293 7
673 8
1663 10
1914 5
1248 5
1075 4
1413 3
1436 6
108 5
290 7
1296 10
922 8
348 9
1280 4
302 8
565 4
1412 8
974 10
1094 8
1809 4
160 3
1150 1
1526 6
67 7
1782 2
53 2
693 4
440 2
787 6
1003 7
1561 2
434 1
2027 10
103 5
211 7
1141 10
652 4
644 3
780 9
1610 8
1534 8
208 10
1637 10
1663 5
1434 3
1936 3
1485 1
1937 6
22 4
1192 9
1034 1
115 5
224 1
1794 10
1362 8
1524 5
1164 2
795 1
1780 9
665 2
694 9
1811 2
1393 5
875 10
1714 7
1608 1
2044 4
64 5
521 10
1495 7
202 6
1134 5
256 5
1421 8
1799 6
1189 3
387 7
737 2
740 5
1848 1
333 3
1159 10
1195 10
46 2
542 7
741 10
205 4
1821 2
188 5
410 10
122 5
1634 9
1517 7
1549 1
1738 2
460 1
1690 5
1473 2
1362 5
1153 10
135 4
932 9
295 6
1339 5
804 3
1347 10
659 4
895 8
939 4
745 1
676 9
473 5
978 1
1831 8
1623 1
36 8
250 4
429 1
950 10
680 8
457 6
1321 3
595 7
125 2
1674 6
1908 1
1175 3
1120 1
194 7
1009 7
1884 2
27 5
1778 2
1695 3
273 7
1794 10
84 10
562 4
1037 9
724 1
150 3
909 7
621 6
24 10
952 10
729 10
1520 8
646 2
967 7
858 6
1286 3
1305 9
1042 6
1715 6
1987 7
963 4
479 3
990 5
1539 8
1112 9
776 10
1801 8
2033 9
1796 6
325 4
1180 2
1198 2
1583 5
1083 9
800 2
1736 7
759 4
1596 2
583 4
665 6
1828 1
1222 5
368 10
765 5
1804 7
1887 3
1909 4
44 10
338 6
1052 8
1863 1
297 10
1322 2
1488 2
360 6
833 1
648 3
301 8
228 7
5 4
203 5
1253 4
1710 9
1322 3
1359 3
681 6
1266 2
1923 4
544 2
1628 5
1376 5
2026 4
2003 7
1293 10
1845 6
1757 1
1342 8
1010 9
617 9
249 10
520 4
757 6
1305 5
1707 4
162 4
1571 1
839 3
199 8
1354 5
1233 9
1942 3
595 2
1772 4
243 4
2012 2
1456 7
1407 8
815 6
1894 9
1720 7
1829 9
1277 2
1801 6
645 2
1190 6
503 7
544 5
1040 2
257 4
386 1
824 8
1290 1
1003 7
806 8
1288 5
740 4
1960 6
1601 1
588 4
654 10
1325 3
864 7
1487 2
37 7
855 4
1650 2
1827 7
905 1
790 10
234 9
837 9
26 6
73 3
1190 2
168 5
1584 7
191 1
58 1
1436 7
464 2
1629 3
1598 5
1909 7
773 3
206 6
239 9
295 9
269 10
1207 7
1297 1
1726 5
141 1
1880 10
106 2
1475 3
1081 9
1241 8
1682 2
766 1
813 10
893 5
872 3
833 1
738 6
342 8
492 4
140 1
290 8
1481 4
2018 2
487 9
1894 1
340 10
1729 2
1057 7
1269 9
286 7
1010 1
140 4
41 9
980 8
695 7
1589 7
528 8
408 8
165 5
121 6
934 10
365 7
1543 1
1753 5
1123 7
659 8
1898 5
983 1
888 1
152 4
1500 4
1820 7
65 3
1768 2
492 7
1377 1
1824 3
1541 5
1118 2
1932 1
1096 8
921 3
437 10
53 10
173 10
1640 9
1408 2
1547 2
1740 1
1280 10
1314 10
692 8
168 10
1284 8
984 6
1872 2
166 9
1316 1
812 1
1896 1
613 1
374 7
1096 3
1773 10
949 9
1805 8
326 2
55 4
612 4
1327 4
930 5
1716 4
324 2
994 1
610 8
353 3
957 5
981 10
776 5
230 9
334 2
1277 5
881 1
281 9
1185 2
1063 10
441 2
701 10
696 3
864 9
823 6
948 9
1470 10
795 7
1007 3
310 1
2 6
1076 6
814 10
596 3
1549 9
1590 9
665 8
1508 5
892 7
1478 6
1167 3
587 7
1436 2
802 1
501 10
858 2
950 10
71 7
1247 3
916 3
366 3
1573 8
1464 2
1061 9
1996 10
99 3
136 6
1432 5
1117 10
1473 9
1500 8
1056 3
1681 9
2028 4
246 4
1113 8
337 1
1703 9
1323 2
306 9
392 3
493 5
1621 7
1551 9
1066 1
1619 6
1107 6
24 2
525 7
1084 6
848 3
1821 9
1885 9
952 10
564 6
879 7
840 8
216 7
983 8
303 4
1402 5
429 8
1168 9
1509 1
854 8
701 8
1565 4
867 1
1339 2
855 9
670 10
1870 8
346 7
1699 1
860 2
1359 9
15 4
949 7
1111 4
818 1
734 1
105 3
351 1
1625 1
1560 3
1403 7
157 2
472 2
1481 4
1474 10
235 7
1928 6
1086 6
966 10
654 1
126 6
1419 5
959 10
442 8
526 4
1372 1
29 3
984 8
383 10
332 7
910 1
717 4
862 4
1306 1
110 5
1032 9
1426 10
1131 7
1154 6
1131 4
420 1
1888 3
1404 10
809 1
145 7
517 1
1986 2
1051 5
1151 8
1695 9
1123 4
501 2
1485 3
519 5
1176 2
1745 2
378 8
747 2
1303 10
208 8
1424 3
1742 2
1581 3
978 9
1031 3
435 1
167 10
278 2
1647 4
1804 7
1882 2
153 2
708 6
1711 9
812 3
588 1
1911 6
1359 8
875 6
700 7
1250 7
189 3
1900 9
493 10
487 6
106 9
219 9
1456 8
556 6
1978 6
56 6
923 1
171 4
1577 1
1083 2
1263 6
272 3
1492 1
1151 2
437 4
1021 6
102 6
1512 9
1198 2
79 10
1653 3
1757 9
579 1
1108 7
729 9
1357 10
513 4
1493 6
636 7
1473 10
531 6
818 1
76 5
329 6
1594 8
1298 1
1269 5
603 3
1500 5
311 7
928 1
1598 6
1676 5
1629 5
2024 9
928 3
181 5
18 2
1448 10
338 3
1470 2
1212 6
1056 7
1797 7
2039 10
1469 2
1733 6
1989 8
777 1
1274 1
1486 7
702 10
338 5
1033 7
1469 7
1737 10
449 5
734 8
288 8
169 3
211 2
1859 4
1211 9
1169 1
560 5
321 5
1979 3
538 1
961 4
1272 5
1631 10
540 4
1017 4
13 4
1275 7
1554 7
1447 5
1930 3
324 7
10 5
684 10
1631 2
263 10
290 6
1825 1
1396 6
694 5
1129 7
1919 10
963 4
1318 2
1984 10
754 4
753 5
352 10
506 1
1939 7
1529 8
1895 8
246 9
65 8
112 2
784 3
856 7
1529 3
222 6
81 10
1873 2
590 1
1626 10
243 10
474 2
745 4
1860 4
1415 8
1114 2
571 2
652 10
1565 2
629 7
1701 2
1397 6
1740 4
1186 5
940 6
541 8
1871 3
830 1
57 2
836 9
1232 1
1583 9
523 7
789 7
784 7
1057 9
532 3
2027 2
637 8
1109 1
1311 9
1802 2
288 5
1866 1
483 4
1710 9
1500 3
1671 4
1700 2
26 7
887 8
1443 3
1954 1
1973 1
372 3
1422 4
442 4
563 4
1707 10
1099 5
1964 6
451 6
1752 5
1303 8
1613 5
198 2
1586 1
773 10
574 9
562 7
351 3
1992 5
973 1
440 3
1184 1
1677 5
364 5
867 3
1426 1
1637 7
76 2
223 9
1130 5
1213 8
1891 7
937 6
840 9
721 6
1319 6
261 7
1039 8
1046 9
95 1
1661 1
865 2
1967 2
1532 6
562 3
985 3
1773 4
1657 3
267 9
1864 4
944 2
648 5
1029 10
1864 2
1485 6
872 5
1235 6
431 6
1496 2
179 3
1646 7
1885 9
1036 9
911 10
1591 4
978 2
533 2
1343 5
1019 8
1926 8
1191 1
117 2
562 4
1356 8
1586 1
371 6
902 1
846 6
882 6
1557 7
2007 8
1569 9
1371 1
1950 8
971 2
90 6
171 2
1071 1
956 8
2013 4
1732 5
1096 6
1136 5
1483 4
1508 5
349 8
1079 9
707 7
1477 1
1151 2
1011 7
127 1
683 8
1823 9
836 10
551 8
1714 8
1715 3
344 5
19 6
1041 2
227 10
28 3
404 6
78 9
1974 2
1184 5
445 5
695 8
1499 1
1419 8
1341 4
835 1
865 9
582 6
1907 6
1176 7
547 8
121 2
1597 6
667 1
1141 2
2041 7
1392 7
1192 2
721 2
1624 6
1286 8
29 3
1479 4
1735 1
976 7
1086 8
1499 10
766 2
1914 2
1378 9
689 6
1219 2
48 7
1109 3
1001 7
1957 3
605 4
2047 1
1521 5
1432 8
458 7
339 8
1610 10
802 1
1063 9
903 7
1947 10
1126 7
2000 1
436 1
1523 7
1777 5
990 7
12 5
578 2
1618 5
773 9
1577 10
744 10
339 5
522 8
543 5
584 3
1597 10
42 9
195 5
1821 8
1703 2
1 6
897 6
1416 2
1166 3
1985 4
447 4
422 7
1706 2
662 6
1407 3
8 6
918 4
162 1
1030 7
495 5
1999 7
1476 4
938 7
1701 2
728 3
418 5
419 1
204 7
1252 2
1257 2
1472 10
1077 10
270 6
130 4
580 10
1764 5
437 10
1070 6
1294 8
1665 4
1395 2
1190 10
1499 10
969 5
1662 1
577 10
470 10
645 9
1573 8
1634 6
4 6
1336 3
170 8
354 5
1865 9
952 1
168 4
842 9
199 4
334 7
717 3
1511 6
220 9
1711 9
1839 4
643 4
366 2
1584 5
1564 2
285 1
1722 6
482 7
253 10
1993 8
2004 2
1449 1
1228 5
847 4
1031 1
1141 7
1661 10
1759 5
1013 2
1766 7
925 1
851 9
270 5
1049 4
76 5
954 9
2005 5
1064 4
778 6
1310 5
644 2
1826 3
967 10
643 8
1114 6
278 3
208 6
1433 8
444 10
1308 9
934 10
1026 3
469 6
368 6
1845 5
2044 6
1035 10
231 6
40 4
1945 3
11 6
1927 9
250 10
1197 9
1035 1
1611 5
767 7
904 8
1022 10
452 4
1303 3
1295 1
996 9
254 7
1172 1
1901 9
1518 1
758 9
822 5
994 2
1192 1
1430 7
1076 9
628 6
1602 3
1615 7
867 3
1298 3
1271 4
894 1
544 2
1916 3
110 7
1542 3
1408 4
176 5
251 3
983 1
1131 5
1217 1
1702 6
1650 10
662 8
737 10
1351 2
0 2
1573 2
1403 7
1012 1
1823 6
1226 8
1959 6
1732 2
1989 7
362 9
1626 9
289 9
782 8
1983 8
846 10
219 4
1525 4
1903 5
41 10
725 6
258 10
360 2
437 7
363 2
1126 1
645 2
1365 3
1750 7
752 4
465 3
794 6
1363 3
2024 5
1527 5
1740 3
757 3
1819 6
1263 3
1038 3
323 5
1153 7
1084 7
1356 4
1755 10
957 6
2038 3
47 2
1334 4
1874 8
1227 2
859 5
17 4
1732 1
1328 3
747 8
651 4
367 2
979 6
619 10
926 3
676 7
637 4
2022 2
1917 6
1770 7
74 2
1369 10
1498 10
927 7
1142 9
217 1
1546 3
1583 6
166 8
1028 9
588 3
221 10
1517 8
1176 1
1104 6
1049 4
947 8
960 10
2042 6
1568 10
1345 7
1172 4
553 1
1077 2
1951 5
946 2
1 4
1037 10
697 3
224 9
1985 8
68 6
971 5
1922 2
1067 6
1266 7
1370 2
1296 2
437 10
1455 10
663 5
266 10
951 2
1812 7
539 3
1130 6
198 4
1224 10
747 2
1309 4
1457 7
1779 2
1709 1
67 1
1444 10
112 6
1568 6
90 7
498 5
268 3
1262 3
867 3
1203 3
1956 7
1115 2
787 7
754 3
582 8
1025 1
904 3
1736 9
1052 10
286 1
14 3
1430 6
1695 7
766 5
1679 10
641 10
1558 2
356 3
2025 10
2041 6
1828 2
556 6
12 5
48 5
647 6
1303 4
1052 6
572 1
1989 10
1171 6
104 1
1804 10
1933 10
1551 1
899 7
161 4
102 9
614 9
1442 3
933 8
1797 6
411 8
1470 7
1477 7
763 8
528 6
1266 9
1808 1
119 5
476 9
1678 9
1063 2
498 2
558 3
180 9
73 5
1397 10
1842 2
1510 4
1113 1
1479 3
1701 8
1661 9
1097 1
389 10
1411 10
1255 5
1482 8
52 3
1415 6
636 3
1511 2
712 4
2030 10
1565 5
114 10
1974 7
742 8
1372 5
1557 8
249 8
1455 10
229 7
498 4
1372 3
989 9
1046 10
374 9
1181 3
1360 1
1758 6
1717 3
189 8
473 7
269 3
287 4
361 6
680 6
797 5
1396 5
1925 10
1363 9
1973 1
459 3
1666 7
1550 5
1916 10
423 10
188 2
1807 9
1315 7
629 4
1755 5
1530 5
32 6
941 10
210 3
712 6
1533 8
1414 4
1277 3
1565 10
1269 9
1162 10
1655 10
583 6
52 2
430 7
459 4
724 6
692 2
1649 2
1731 1
589 9
944 4
963 8
69 3
160 5
753 8
1910 6
1901 9
5 3
1090 8
1759 1
1623 6
1650 2
1418 4
664 2
976 6
238 5
535 2
1068 10
99 6
1326 8
125 7
49 9
599 1
978 6
1449 8
1263 1
0 4
1175 2
964 10
423 7
963 6
664 2
1717 7
300 8
1785 1
1321 5
1963 1
612 9
1465 5
1536 1
148 4
113 10
841 9
1712 6
927 5
780 6
24 8
1658 10
1638 10
107 6
1779 5
1214 7
518 7
295 9
1602 2
1946 6
1252 5
444 4
1192 2
446 1
2023 6
493 6
1097 3
1572 9
1261 3
1287 3
39 2
1101 7
523 4
565 10
1001 9
1931 9
1567 1
349 6
1221 4
116 9
836 1
1480 5
1904 2
1157 2
475 1
1787 4
1927 7
530 9
1528 3
174 3
1662 5
1948 2
1913 6
1527 4
1021 3
364 1
409 9
773 5
424 5
712 2
325 8
1664 8
490 7
312 5
1695 2
1746 7
1211 9
479 2
713 2
1771 4
1721 10
1299 10
1147 2
1202 10
1733 6
1842 9
1097 8
158 6
403 2
164 8
464 3
1869 5
837 10
586 1
271 1
864 6
294 7
1012 8
1676 7
88 1
1603 6
630 10
276 1
1150 6
1363 9
1660 1
278 10
577 4
317 7
306 6
1483 9
1789 5
1869 3
1820 3
967 2
1237 3
1709 7
500 3
298 10
769 3
1696 7
954 6
1917 9
831 4
1620 10
992 10
1755 1
1376 2
1849 6
1548 1
47 3
162 6
1541 4
873 9
446 7
1119 3
1757 5
1851 9
2019 7
1345 5
519 5
19 7
1472 7
297 5
1969 7
141 9
816 10
349 10
1765 3
1559 7
730 10
1875 2
1832 9
1447 10
730 1
1014 2
1246 10
271 3
946 6
597 9
1598 1
631 9
847 5
1980 7
192 2
730 5
1194 1
1708 6
1381 9
1693 8
1595 8
1782 5
1068 10
884 4
1623 9
1262 5
1730 8
769 4
1590 7
684 1
1482 6
910 3
617 10
1262 5
749 10
82 7
982 2
706 8
1041 5
1668 4
1426 5
489 7
845 3
564 10
499 4
1146 8
1242 2
321 3
1228 5
1382 1
1798 9
666 9
1524 6
1454 1
1871 1
609 7
535 8
1130 4
879 9
567 9
1626 5
1509 6
1779 9
1695 2
1788 7
287 4
1887 5
1983 10
201 8
821 9
556 6
493 4
500 3
87 6
108 2
435 5
1124 1
469 4
173 5
708 4
1657 9
583 1
603 3
1140 9
581 1
1534 7
680 1
1885 2
996 5
1709 4
301 5
1156 1
1433 5
465 7
701 7
1882 3
608 1
1192 8
1706 4
647 8
2024 8
1560 5
168 1
79 4
461 10
520 5
1247 7
1978 1
602 10
2013 6
1339 2
1382 10
675 8
1922 2
1235 5
499 3
1500 4
1539 4
509 1
814 4
206 6
1598 10
1075 8
479 5
1868 9
670 5
168 1
1536 2
1006 9
952 7
33 1
1146 4
1520 4
1802 2
1165 9
141 3
344 3
1300 7
912 8
741 1
1752 7
1146 2
227 8
1318 8
1842 2
1122 9
1010 5
650 9
163 2
1 2
288 6
11 6
294 8
449 3
1857 1
1696 6
825 5
111 2
213 7
1233 5
1524 2
598 4
889 8
930 10
2008 4
22 8
1127 6
283 10
1621 10
1650 2
1077 7
1275 3
1714 6
1380 5
1425 2
1876 1
825 3
1137 2
1177 6
1648 10
1118 2
1822 6
1720 9
1823 9
1638 9
686 7
693 10
1649 3
403 6
1865 10
926 4
1061 5
217 5
1214 5
1544 6
1775 6
1588 1
512 9
1587 3
668 9
1126 1
359 7
1668 6
389 6
1363 2
594 4
273 7
88 9
960 4
1584 2
1118 4
899 10
1420 5
1846 5
206 9
383 9
961 8
1262 6
1300 3
893 7
588 5
148 8
666 9
1790 4
1967 3
1549 4
505 2
1368 10
985 5
688 4
1783 8
1637 9
141 5
1043 1
445 4
1364 1
907 6
1110 10
1551 3
1592 5
828 7
61 10
1141 9
865 2
1971 4
1713 2
416 10
1656 8
18 7
1390 1
311 10
705 10
698 5
485 9
820 6
367 10
1817 5
1988 7
856 10
1641 4
1384 10
1991 2
131 4
1193 1
1985 2
805 1
499 5
1292 7
1792 4
183 10
739 5
1552 7
1379 3
433 10
2019 10
467 9
1693 3
2016 7
1558 9
43 5
1135 9
116 9
1057 10
14 3
1099 3
1547 8
769 3
128 9
348 4
797 1
1483 10
1065 4
73 4
1470 9
1014 8
740 5
1373 2
1470 3
708 5
881 6
390 2
711 10
184 3
908 7
25 1
1697 7
434 8
1513 1
22 8
1343 3
1091 4
259 7
301 6
251 9
2044 4
1192 8
828 8
1283 6
1961 7
2046 8
695 8
1299 4
746 6
1076 10
846 3
292 2
923 6
1409 7
454 7
1847 8
967 7
1430 8
1745 9
1392 3
1940 9
896 5
280 3
1831 10
1506 5
985 3
70 8
1504 3
424 5
394 10
598 7
1687 1
555 6
1406 1
555 7
1608 6
29 9
940 6
831 1
927 3
1233 6
1187 2
920 4
256 2
845 9
613 8
117 9
57 8
1261 8
129 9
244 5
371 10
589 8
477 10
1874 7
1722 3
351 7
632 10
1566 1
762 5
1895 1
801 9
504 4
951 7
140 7
924 3
415 8
328 2
48 10
1741 8
271 9
417 5
627 5
1586 5
1690 3
1804 9
904 7
1932 6
1836 9
1017 1
1048 6
913 6
213 6
1567 4
719 3
261 2
1543 4
1469 2
497 10
675 3
839 6
752 6
1467 10
1297 3
585 9
785 10
1957 1
475 2
1248 4
467 8
673 7
1534 1
1948 8
516 7
1603 6
342 5
10 3
270 5
468 10
1815 6
216 8
261 8
1298 10
1423 2
1650 4
1287 5
1641 4
1314 7
1078 2
1291 7
1340 10
1927 4
1905 6
1218 8
320 5
1241 6
797 3
534 6
345 5
1695 4
1717 2
1555 8
627 6
1041 6
1022 6
1578 9
1694 3
1548 2
733 4
119 6
1337 3
1435 2
1682 5
552 3
1523 1
1492 9
896 3
1161 4
1125 7
1881 7
463 6
1057 7
225 5
793 10
1994 9
846 8
2016 5
1024 3
1795 3
766 8
665 6
1122 7
268 5
850 1
655 6
2025 6
1243 6
888 6
691 5
2005 3
669 6
1204 7
405 8
1183 1
26 8
136 4
1743 7
1235 6
1889 3
1636 10
1009 5
1367 9
402 4
1671 5
193 10
1889 9
1687 6
2016 1
1525 6
626 2
873 7
1862 1
10 3
1729 1
1518 5
1191 4
1970 3
892 9
1359 8
377 2
361 7
37 2
1682 7
1670 3
684 7
2001 7
1290 4
1736 4
110 9
335 10
1861 9
0 4
836 4
1657 8
1178 4
1978 1
334 3
1381 4
63 1
374 2
1776 7
593 9
1858 3
1101 8
358 10
22 2
1906 2
398 5
220 4
963 7
6 9
1233 1
1730 5
1079 5
410 8
449 1
1515 3
740 9
1405 1
290 5
367 1
2046 5
21 3
61 6
1752 9
1224 6
1807 3
1066 7
1591 2
1058 5
2016 6
872 2
1095 4
82 8
19 5
2012 10
14 6
1185 7
1658 6
526 10
330 3
331 2
319 4
1698 8
466 7
1598 7
1836 9
396 2
1627 10
1650 2
1716 1
1861 9
471 6
730 3
44 10
782 10
1037 4
65 2
1079 7
1638 4
297 4
37 6
647 7
1751 1
596 5
1567 8
1761 10
86 10
553 7
1224 6
929 3
108 3
1769 6
1537 4
1452 2
15 8
1795 2
607 9
665 5
743 10
293 5
259 1
1663 5
1025 10
700 6
1658 7
1256 4
1496 1
1890 4
1601 1
998 8
346 9
1411 5
616 8
207 7
997 10
1972 2
424 7
338 6
21 10
1818 2
2040 8
981 6
1437 7
1660 6
1768 5
718 1
945 3
1612 7
617 10
171 4
1362 6
988 9
1714 9
1547 3
1644 9
332 5
1696 9
1195 7
779 2
939 6
73 8
1687 1
709 6
1029 6
45 5
80 6
1834 5
1417 4
1946 6
1838 8
1769 1
260 1
1270 9
954 5
255 3
1812 7
299 8
1222 10
697 6
703 10
684 6
1150 6
1453 6
1941 5
757 8
741 3
2024 5
1911 9
53 1
350 7
1987 8
61 7
492 6
268 5
1441 9
635 10
1652 9
318 9
344 9
720 10
1492 9
41 4
946 7
1972 2
1681 3
656 5
1628 1
1936 4
752 3
1233 4
1951 7
488 9
1489 10
131 3
473 8
2045 10
1829 1
1233 10
719 4
703 2
1340 10
834 6
1038 10
968 4
728 7
460 9
1687 3
1520 9
1643 6
1571 3
1136 10
1767 6
1906 6
1987 4
1180 6
1812 2
637 5
103 8
1101 6
138 3
1933 7
1092 1
502 2
614 5
111 4
238 6
595 8
1178 8
1289 9
1774 6
1702 8
1008 2
1135 4
699 6
154 9
1335 10
934 2
76 8
1975 1
987 6
2028 1
1025 5
2036 4
1955 1
1311 6
106 7
1760 6
775 9
1369 10
1872 3
1482 6
286 4
91 5
923 7
68 6
1942 2
1201 8
864 1
1526 2
2025 7
1354 3
1760 6
1046 8
916 4
1809 7
1264 2
761 10
1360 7
620 4
688 8
1574 5
1152 10
127 8
228 4
1106 3
1811 8
469 10
1292 5
509 9
139 3
1500 4
1713 4
638 4
1802 5
1490 2
354 6
1355 2
769 6
316 10
956 5
639 5
1953 6
268 2
1778 5
627 1
742 4
349 2
1149 8
842 2
35 1
1380 8
1176 7
1374 10
504 6
1229 3
508 5
1374 9
1637 3
1711 3
1848 8
1624 5
1640 4
667 8
1386 2
1921 3
1918 8
1367 5
1589 8
1757 10
901 6
1640 10
886 9
1652 9
1081 7
928 8
383 1
328 2
1194 7
93 5
1243 7
938 9
1035 3
1681 6
376 3
1511 3
430 7
1786 1
628 6
914 5
1807 1
1370 7
702 6
504 6
454 10
1438 4
334 4
236 5
1579 6
1220 6
1260 4
1727 10
1247 3
1301 3
61 3
990 3
1704 2
186 9
1278 10
1193 5
1861 2
810 9
179 5
1361 10
946 5
1230 5
356 1
600 6
1253 7
68 1
1792 6
146 5
1442 2
91 1
924 8
232 5
1987 7
811 6
1066 10
800 4
1733 9
849 8
11 2
1318 8
257 5
1833 7
1902 1
1451 2
571 1
1416 7
722 3
1181 8
860 6
1751 4
1804 7
517 4
87 10
1656 9
307 9
1956 7
1602 1
884 3
1928 6
1375 9
1846 5
82 5
1933 5
572 8
72 1
811 9
1411 4
765 9
543 4
797 5
195 10
1286 4
1255 1
231 6
230 9
1811 9
1788 6
1754 3
1905 4
600 2
556 3
1159 9
1546 1
576 10
1868 7
1239 4
341 5
660 4
2025 1
747 6
966 1
1281 9
991 7
889 7
1851 6
835 3
1680 5
1047 7
441 1
1873 2
566 1
1674 1
577 7
1985 4
1122 2
879 1
19 7
1191 2
66 4
596 9
912 2
351 8
1847 10
448 4
1184 7
21 6
761 4
109 1
385 2
1158 9
1410 2
1859 9
195 7
210 3
964 9
323 6
519 9
1581 2
2013 10
47 5
1997 10
1625 2
388 5
1137 10
451 10
1641 3
1204 3
1467 1
961 10
201 5
465 8
233 3
870 10
174 3
1808 3
1953 10
1022 2
2024 10
1832 5
1279 7
1830 7
1508 5
368 5
1029 6
354 8
1667 6
1552 5
1288 2
664 10
169 1
2021 6
1969 5
1589 10
1361 6
1235 1
796 5
1556 3
1928 3
1669 7
933 3
86 2
609 9
190 9
1625 5
1739 9
1398 1
1186 2
916 1
51 5
1615 5
1045 8
641 4
1434 6
605 5
116 8
2001 2
619 9
1494 4
955 10
584 5
44 3
743 8
1732 4
1776 5
1585 5
1501 10
1659 2
1693 2
519 1
1701 7
1103 6
1020 2
80 2
1475 9
100 6
1373 7
1999 6
1112 9
444 3
326 9
331 8
334 2
1777 3
764 8
441 2
142 9
1001 8
165 9
74 4
786 1
335 3
1507 4
968 9
1198 10
1338 4
809 5
1461 1
1738 1
1959 10
1286 3
954 3
1475 4
1868 10
734 1
532 5
286 1
751 8
1358 1
1118 2
987 6
492 2
380 9
689 10
50 2
1670 10
1528 8
1743 4
1029 2
2013 3
1320 4
937 2
872 10
1994 5
745 9
329 2
945 3
964 8
285 10
1921 5
309 5
1085 4
558 2
721 8
37 9
1363 2
832 3
1984 1
334 8
614 6
332 4
1474 2
1647 9
497 9
55 5
1533 1
718 4
248 6
831 1
1308 9
1078 7
1109 8
94 10
1988 4
344 10
1452 5
1877 4
681 6
122 5
706 1
1141 6
429 5
454 4
821 2
613 8
744 10
444 9
1206 9
1499 3
955 5
680 8
276 9
1182 5
27 1
348 4
1534 4
1209 9
1025 10
1891 5
351 10
35 9
178 10
234 10
451 3
1864 10
919 9
416 1
394 1
36 10
1244 8
1813 5
372 10
297 3
537 4
1152 4
466 1
668 5
1585 6
163 6
115 3
1059 7
1123 4
1775 7
680 7
1822 10
359 1
1957 8
1177 9
1538 1
936 8
983 1
1974 8
616 9
1448 10
96 9
1183 10
1363 3
958 4
884 1
804 9
1098 7
636 7
772 6
1430 4
1198 3
879 8
1772 9
1358 9
1593 9
1352 7
125 7
635 2
557 7
1738 4
805 3
821 9
112 10
1453 1
1322 5
909 5
1199 8
982 2
614 1
1051 8
298 8
926 3
1160 9
1999 5
1398 10
115 7
1828 9
1895 2
738 5
1276 7
1178 7
1955 3
451 10
1775 4
587 6
2043 1
988 6
1692 8
352 10
963 4
849 4
1385 7
489 6
366 10
1561 10
217 10
748 7
22 8
1738 9
1791 1
1566 6
1274 2
1877 8
478 6
2045 7
1247 7
310 4
515 5
1766 7
942 5
755 5
1118 7
1406 10
185 1
1478 6
1958 4
689 2
1188 6
1661 8
1758 2
1750 1
182 8
433 10
1120 2
524 9
1836 9
869 6
1646 9
1073 4
1309 8
1275 5
608 8
991 10
1713 5
905 3
1560 5
1387 6
760 9
802 8
1669 8
1033 4
1441 7
1608 3
1282 5
113 3
111 10
1582 9
705 8
717 10
1845 8
305 3
244 6
672 5
1187 9
204 6
633 1
527 9
429 9
313 5
1142 3
291 5
1700 9
1216 6
1514 4
536 6
739 6
1334 5
113 10
1295 3
223 7
1480 2
1564 10
628 7
638 1
1770 9
77 8
956 10
1761 7
691 10
897 9
478 10
1007 2
1206 4
1087 6
1752 8
1657 1
1533 1
1079 8
1794 1
906 2
1881 5
579 8
824 5
1310 4
1624 8
433 2
330 5
1408 7
1815 6
1756 7
1528 2
966 4
1747 4
1710 4
1967 7
1156 8
1648 10
1862 5
1982 7
1449 3
484 2
183 3
1638 4
648 2
1062 3
1294 7
430 4
268 5
552 2
1883 10
1210 4
346 7
1164 4
1949 3
846 4
1766 8
81 5
1753 8
1872 7
838 7
1248 3
220 6
1279 4
383 10
1034 1
1279 7
1330 6
1375 8
1190 9
700 9
1510 2
673 3
1011 3
86 6
1179 8
1483 3
255 6
1788 3
1282 8
955 10
21 8
1239 6
1407 9
1420 1
891 6
876 3
803 5
1410 10
1405 4
883 9
1365 4
889 1
786 5
1497 7
588 3
294 7
1307 9
1253 7
1353 5
1573 7
1615 7
304 5
1303 7
942 7
1149 3
2045 4
417 9
1192 3
1352 1
1418 6
250 7
15 5
1361 6
1340 1
1205 3
742 3
807 9
2000 6
508 5
1190 9
1639 9
697 6
349 7
478 9
749 8
984 5
1565 2
1860 4
1408 1
433 7
1648 8
1202 5
841 4
1546 7
1091 6
1045 7
1940 5
1994 10
654 9
935 9
615 7
1350 10
465 10
459 10
1364 5
600 2
1643 10
1861 2
1129 9
32 6
44 9
541 7
149 9
1756 7
968 3
988 3
1291 7
1461 4
1239 9
1169 2
1684 5
33 1
1671 10
274 9
666 2
977 6
1074 9
414 4
746 7
852 9
647 7
1412 4
39 1
1211 5
443 9
351 10
1018 4
1136 9
282 7
756 6
899 5
895 4
467 7
2029 4
1908 3
1654 2
1754 7
649 3
1516 3
37 7
23 5
600 10
1558 2
1319 6
1487 8
813 5
650 7
1780 8
800 5
213 7
910 10
1082 10
1149 10
1444 9
2017 5
1500 4
669 1
838 9
769 6
1865 7
763 4
1872 9
484 1
613 8
1226 10
937 2
506 7
2025 4
1966 1
1556 7
1346 7
505 4
170 2
922 10
1986 5
516 2
1313 6
818 8
1826 1
1619 4
1119 3
1661 9
1052 6
219 2
1596 5
200 7
1109 6
798 4
1982 8
1188 3
744 7
1787 5
1797 7
479 9
420 4
223 10
1519 1
1714 6
1877 7
362 10
1687 7
970 3
34 7
455 8
2023 5
1551 7
233 10
937 9
1066 4
1271 5
1663 4
2007 6
1569 2
928 1
1295 2
1490 3
1093 10
1317 5
889 9
1247 4
133 4
1189 2
15 5
962 4
677 10
1880 10
1495 2
1821 7
1760 10
1036 3
25 5
147 8
159 2
154 4
1485 4
1106 9
371 1
960 2
544 9
1420 9
1210 5
3 4
1778 6
1788 5
1762 9
1772 4
549 3
152 4
1963 1
1736 4
1214 3
439 3
565 5
738 7
5 5
1835 1
600 2
1465 5
1097 2
656 7
1863 8
1431 10
1027 8
1209 2
320 10
1686 6
804 9
577 8
1409 7
1808 2
390 2
1694 5
1324 9
1357 9
1958 5
681 8
637 10
622 8
1589 4
347 8
1436 8
1519 6
1250 8
1509 1
852 7
1676 1
1218 8
367 9
23 1
979 10
1723 2
293 4
1871 4
1329 6
1373 8
1008 4
718 8
514 8
863 9
513 7
234 6
1269 7
1486 6
1345 2
136 10
1979 4
298 2
528 8
1140 4
1582 3
1188 5
1246 10
1199 8
937 5
1749 10
694 3
588 5
235 7
1836 9
1247 3
1197 1
156 6
1815 6
1214 10
945 8
833 7
1904 3
1755 4
1054 5
1203 4
1602 9
615 9
1733 9
370 2
343 5
349 1
1650 2
1296 4
1214 4
1528 3
642 1
1453 2
513 6
1072 5
341 9
11 10
1541 10
1499 9
1006 4
879 1
131 6
924 4
1821 10
324 2
1868 4
965 2
213 3
672 8
497 10
1682 2
820 6
594 4
517 8
631 1
2042 6
389 3
1306 10
885 9
1363 1
1671 7
1333 5
1691 1
1723 1
1283 9
711 3
1922 6
1711 10
280 8
1615 10
811 3
602 10
565 4
1580 4
1790 9
218 1
1345 4
1891 3
1680 2
892 4
880 3
1263 5
1003 2
634 7
1154 6
579 5
1444 2
1023 9
1810 7
1378 3
1637 6
510 4
1179 5
34 4
627 9
1495 9
556 4
661 10
96 9
476 6
1857 7
314 10
338 2
702 1
1893 3
845 5
789 9
33 1
1926 5
1732 10
483 6
1267 3
120 4
918 8
492 5
2031 8
695 10
1550 5
594 2
1672 2
546 1
1933 5
609 1
247 8
498 3
572 8
739 6
513 10
630 1
837 3
22 6
1245 9
697 3
1297 6
1281 2
643 2
537 10
286 8
655 3
1324 4
1184 1
1529 10
575 3
1017 8
1936 1
1581 2
847 4
297 2
346 10
842 8
191 3
1670 5
1303 6
313 3
1574 5
1844 1
652 10
1210 3
40 6
1044 3
466 5
161 8
624 6
1936 2
664 8
1068 6
1676 6
28 5
1363 7
1640 5
660 9
409 8
182 6
1122 7
540 7
322 1
1462 6
1175 2
1992 8
476 3
1353 2
68 9
892 8
274 6
384 10
138 5
632 1
464 8
1474 6
37 4
961 4
88 10
83 3
981 2
1703 9
304 5
323 8
276 10
420 6
466 9
1618 2
130 4
732 7
383 8
1466 1
737 3
493 8
63 10
805 1
372 10
635 8
494 3
833 3
539 6
902 6
1787 5
475 2
442 7
542 4
304 8
1699 8
1169 2
757 7
1938 5
393 5
470 2
1916 3
1215 7
1787 8
142 4
1980 9
1691 8
182 10
936 7
836 6
1968 8
552 10
686 9
143 1
1834 1
1117 3
1938 2
1075 7
1863 3
1929 3
1845 5
361 4
1052 2
86 3
910 1
996 5
1727 5
1392 9
639 2
1806 9
365 8
2043 3
139 4
1518 9
1839 5
8 2
1943 6
987 2
1242 3
1974 3
1067 9
795 8
982 6
201 9
399 2
37 3
1278 2
1381 2
1646 5
317 1
422 7
1301 4
1001 3
777 10
902 10
1348 8
1554 4
1033 4
581 6
889 6
805 2
377 2
1135 2
1732 9
1775 6
695 3
1387 1
200 6
1870 5
1154 1
729 3
114 8
713 5
720 2
1556 5
1836 6
1463 9
1340 1
1446 4
1637 10
2006 1
225 5
1100 5
1111 1
700 10
449 9
1505 10
144 10
1831 3
312 9
2034 3
586 5
1345 5
1409 7
1942 9
1058 1
1421 7
553 9
129 6
848 1
1419 3
1446 2
308 7
1433 4
272 3
640 3
218 3
1841 3
1797 10
69 2
689 9
205 10
787 5
1870 6
1663 8
2017 4
1298 4
1397 10
1442 4
1013 4
1653 8
1474 10
758 7
1329 4
68 10
1545 7
1694 8
1278 3
1821 2
1734 6
1900 4
2028 2
1166 3
2034 6
1897 3
359 8
1673 10
1306 3
975 1
484 8
1938 7
328 1
3 1
1548 9
1593 9
391 5
854 8
1455 7
1383 2
1893 9
603 9
468 1
573 7
2020 6
1340 9
2002 6
1929 9
1954 5
1479 1
1581 8
1155 2
2 3
1908 1
1328 1
1652 7
1859 10
983 6
1184 4
36 2
792 6
1604 7
1741 1
1909 7
1995 4
1957 6
1740 8
601 8
2043 1
988 7
529 9
1990 2
285 1
1089 3
1917 9
546 8
202 2
144 5
1349 6
953 3
2010 10
1277 8
855 2
783 10
1718 8
1295 9
2022 8
151 7
151 3
1288 6
141 1
1311 6
1080 8
1002 1
653 4
1641 3
1348 5
771 4
1178 8
1887 9
418 5
141 5
1999 3
119 2
916 2
21 5
933 2
194 2
1704 2
16 3
1413 5
721 10
51 10
1081 3
1160 4
1184 9
1936 3
1301 5
474 3
1358 8
1885 1
1455 1
1968 9
1753 5
1352 3
76 3
1507 2
276 2
1627 2
1278 1
388 3
58 3
1413 1
331 9
1582 6
212 2
609 6
379 7
1748 3
846 10
748 4
1363 8
1137 5
1841 5
1183 9
1964 8
905 5
793 1
970 3
466 4
1398 6
1243 1
245 5
1938 6
1728 9
663 8
197 6
451 5
19 8
1553 3
1155 8
1833 1
1551 1
1068 8
1854 3
597 10
1952 10
119 3
1000 4
238 7
772 7
554 2
147 5
194 9
1010 8
225 3
85 2
2030 4
1448 5
1815 4
1819 4
741 5
1911 5
219 3
70 2
240 2
891 6
1405 2
999 4
908 10
1373 2
1242 1
465 4
1282 3
1613 2
1314 8
1335 5
169 1
258 10
1083 2
1288 3
28 10
1746 5
1233 1
1629 3
1098 5
619 7
523 7
1620 8
712 8
1072 3
209 7
1819 4
979 4
1203 5
1589 3
295 7
1992 10
1805 4
282 8
607 10
1535 2
1729 9
1238 10
284 7
1251 7
1893 8
1833 2
1141 7
658 5
646 1
628 1
697 8
257 7
1162 10
1966 8
51 10
1863 7
1059 10
15 5
509 8
472 6
924 5
1478 6
882 5
528 3
325 3
2039 10
489 3
1034 9
1229 2
1342 2
1552 3
1097 3
677 2
1045 1
262 10
1073 6
1218 3
1902 4
484 7
98 9
2009 10
1573 2
567 1
937 1
1418 2
41 9
2020 10
1988 5
873 6
14 8
668 4
1704 10
1711 7
1780 5
1561 10
1867 7
1688 10
1581 9
935 1
1065 6
803 3
556 7
1162 8
1634 10
1753 4
1096 8
1014 9
180 7
405 6
698 4
1848 3
392 5
2025 5
1531 1
1126 3
375 6
184 7
897 8
1686 1
427 8
1419 5
206 6
26 9
209 10
624 6
348 3
741 9
1281 1
169 3
1768 8
1877 10
1645 3
684 2
302 8
1014 3
1440 8
400 1
709 10
2027 3
1345 7
69 2
1195 2
1034 3
427 5
1807 6
336 6
791 6
1203 3
1989 1
727 2
1351 9
1712 2
308 1
45 9
1080 8
1215 2
1962 2
1936 1
1817 6
192 4
727 4
468 8
1915 5
571 8
487 2
1821 7
1864 2
1902 4
1453 6
1106 10
1701 6
634 9
1402 6
1050 10
1722 5
385 1
1887 4
118 2
205 3
1380 8
1058 7
688 4
228 7
1344 3
1018 7
1716 1
791 8
1724 4
1306 8
7 4
276 6
621 7
919 8
1322 5
340 4
787 7
1226 9
622 6
1997 7
1269 3
648 10
1799 6
1283 9
1216 4
2005 2
243 5
1113 2
909 1
1697 8
1711 10
222 10
1031 3
731 5
1999 7
1 2
336 4
398 10
1174 10
1270 6
1397 8
758 10
488 4
1683 4
344 9
362 10
1664 2
2005 1
597 1
398 9
1844 6
1261 7
812 10
1922 6
569 3
222 1
1194 2
255 3
483 1
1425 3
1986 8
1489 9
679 9
1606 2
1163 4
1163 7
1217 1
1589 2
1186 7
208 6
1037 8
1725 5
1066 4
1326 2
1105 9
1251 1
1694 4
1830 2
1648 8
705 1
758 8
1152 3
1465 9
1256 2
1028 6
1437 2
312 8
695 10
596 1
1036 3
1841 6
875 9
852 2
1461 8
1012 8
979 10
1527 4
1652 9
459 3
1179 9
1431 5
809 2
1129 6
162 9
246 4
1814 5
1806 6
1460 5
1605 7
492 5
1251 1
1503 8
1151 7
1188 2
1295 5
121 4
1095 7
1210 6
367 2
749 9
1807 2
1024 3
337 5
132 10
1500 1
829 2
228 10
182 3
1182 8
2019 5
461 9
406 10
900 7
86 7
1339 3
1094 6
372 4
696 8
1948 8
1582 5
1339 1
1041 7
25 2
822 7
1957 8
483 9
1125 2
879 5
135 9
1738 4
39 1
1354 8
82 3
792 5
1326 5
1009 8
1303 3
248 2
106 5
1459 7
16 4
1664 3
1121 9
2020 6
1686 9
1039 3
716 3
1523 1
503 3
662 8
1912 2
1499 5
904 6
1518 3
706 1
1999 1
215 7
619 8
1905 1
317 5
896 8
654 8
304 3
889 8
1759 8
1661 8
2002 3
98 2
114 10
479 7
1572 6
240 7
1874 1
1450 5
1074 6
727 9
294 10
1048 7
1781 2
1804 8
991 8
1793 7
786 3
1337 3
843 8
763 4
1853 1
163 10
425 6
1387 1
1740 2
27 8
428 8
1522 9
925 4
1374 8
1885 1
2032 2
255 2
101 2
997 10
1561 9
1342 1
447 1
897 5
1138 2
1514 5
474 1
812 3
501 5
1925 4
504 8
32 2
1575 6
808 4
1340 4
1510 9
709 1
473 5
1859 4
1920 10
1404 3
1502 7
382 6
1616 10
1238 6
427 2
1142 7
60 1
1233 2
1013 8
782 5
1544 1
858 8
412 6
106 2
1571 8
1090 1
752 8
1138 2
1774 4
1081 9
263 7
936 2
861 4
1078 9
1663 3
1167 8
989 1
359 7
371 9
1075 1
560 6
1195 5
1404 7
1695 1
1770 3
1787 7
227 3
1346 1
783 9
1364 7
1680 1
1163 2
1266 3
1424 10
1439 10
366 7
1023 8
1497 6
1845 5
1811 6
638 3
351 9
1323 6
1893 8
1833 10
1657 7
1404 3
2006 8
282 7
1582 3
993 2
682 5
48 10
650 2
285 9
1389 7
418 1
2019 6
1889 4
1792 2
604 3
903 10
306 5
1453 4
1416 6
137 2
2013 6
1388 10
1447 3
1442 7
1071 7
484 3
1595 2
557 4
1630 10
1227 3
1401 10
133 6
623 4
797 6
1393 8
926 9
808 9
1420 10
137 6
1174 2
1459 4
621 6
1190 4
779 5
1788 2
1515 8
480 9
128 8
164 10
216 1
1254 4
1543 10
1597 4
714 3
576 10
610 9
497 7
54 2
1454 1
660 6
1222 7
820 5
869 3
1893 5
1007 3
706 4
1061 8
1448 6
791 4
492 1
856 3
1226 2
790 9
858 6
1759 3
40 3
1774 5
1859 9
1291 7
1698 8
177 1
1720 5
551 5
607 10
1331 5
1406 4
53 5
858 10
834 10
1234 5
1896 4
302 2
1795 1
113 5
796 6
391 3
1806 10
1863 7
1203 7
1698 6
148 5
952 1
386 9
562 5
1295 5
1893 6
1254 6
911 9
1448 9
426 10
2015 4
92 10
731 7
1029 3
1572 3
1076 2
919 3
436 7
1073 7
1516 6
882 1
1886 9
239 3
1372 9
2005 6
1565 10
1869 9
1423 5
279 1
780 8
1227 7
1051 8
779 6
581 3
1218 5
1914 10
349 10
1075 3
822 1
1782 6
2024 9
1889 9
1985 2
107 8
2028 3
1977 4
1016 8
1567 4
1618 7
3 7
309 10
2004 10
616 6
999 9
1507 2
855 4
1637 2
1516 5
929 1
1739 8
1091 1
1826 4
2034 1
1069 8
157 1
751 2
1512 1
820 8
1475 9
1748 4
873 4
1924 6
1717 7
1600 3
1459 9
599 10
1440 6
986 9
828 6
1139 8
1454 3
661 5
1084 9
330 2
1050 4
1920 8
1935 10
1881 3
1537 2
1540 9
1734 4
908 1
868 5
1764 2
489 7
1881 6
1185 6
646 9
133 8
964 5
1754 8
1731 8
85 6
1774 3
702 6
1216 10
1660 2
1326 2
550 2
1138 7
1044 9
1115 10
971 5
1676 2
146 6
1176 3
2008 8
713 1
1655 1
950 9
1061 3
1109 6
1563 10
1210 5
1219 1
1679 9
386 6
1106 10
1558 5
1698 5
32 10
241 10
1633 9
1577 9
476 10
359 7
246 6
1418 5
1085 3
1466 9
1390 8
917 5
195 4
1827 8
1174 7
727 3
488 2
18 2
538 4
1837 8
1058 5
477 6
785 2
1988 4
387 8
1695 1
1434 3
993 5
503 2
1091 5
854 10
1241 4
2016 3
1480 8
1153 8
367 8
385 4
781 8
1094 5
50 10
545 5
975 6
70 9
1592 9
684 1
773 4
1086 9
1011 8
23 2
986 5
1934 8
671 1
282 7
776 2
1071 6
1997 3
838 7
1808 1
1655 1
1075 7
888 9
191 5
1787 7
1390 6
941 2
1461 2
249 8
1037 3
632 2
1749 7
2014 5
1736 8
1417 4
1592 9
1068 7
1878 10
1021 5
1504 2
1660 1
1274 9
1479 8
1833 8
571 1
26 8
761 3
931 2
1635 3
1442 7
1176 9
77 4
1557 10
1423 9
1859 3
317 7
1115 8
1204 6
178 9
1757 4
551 1
55 6
1714 8
1972 6
1942 10
289 4
1637 9
374 4
1503 4
1838 7
688 7
335 10
1053 2
346 7
166 6
285 9
435 5
671 2
636 3
76 4
423 3
1359 4
382 9
550 10
1609 6
1268 4
1687 9
845 4
1289 5
1983 5
1664 4
460 1
1258 6
580 1
438 9
304 2
1678 2
1722 5
525 8
1430 4
1206 3
92 5
863 7
328 4
464 3
1140 4
1355 3
1131 4
569 8
392 2
1304 7
1456 8
1029 9
1196 8
349 5
487 8
438 4
610 5
1603 4
347 6
1658 3
349 4
398 8
101 8
84 6
263 6
1211 3
354 3
277 8
130 2
1536 10
438 10
837 4
115 4
1923 2
1395 4
1850 3
1036 6
1109 3
1711 3
1731 7
1384 2
765 9
424 9
500 9
1784 6
627 2
1108 1
1138 7
455 3
1662 8
1932 10
245 2
148 2
19 6
1863 4
484 7
1379 5
2001 8
1704 8
607 7
1421 3
1920 3
1125 8
1467 9
387 3
1665 6
1878 7
2036 9
1751 3
94 3
730 4
1859 8
246 10
1383 3
147 1
1739 10
763 4
1040 8
1977 4
72 6
12 1
341 4
1703 6
787 10
1763 6
1004 1
771 9
1509 7
1137 10
310 1
1948 1
1908 7
1566 4
595 3
803 10
1827 7
338 5
808 2
1726 4
1469 2
486 10
1164 7
1539 9
2021 1
1251 8
1620 4
1890 8
1634 3
895 8
535 10
560 1
367 4
575 5
651 6
1416 1
837 8
922 10
1467 7
1933 7
702 5
186 9
821 9
1264 9
1001 7
507 8
1354 3
1224 8
1027 4
237 1
884 4
1568 6
119 3
1160 4
145 2
1395 3
817 8
1311 5
1599 2
309 2
373 2
1791 1
20 5
1764 7
1706 2
596 5
1883 10
1648 9
301 10
589 2
158 9
1577 10
1744 6
860 5
1216 3
1390 3
633 4
1888 2
2014 4
12 8
1909 2
1406 10
1006 7
1674 2
44 3
961 2
475 3
1935 8
641 4
177 1
717 4
1521 4
1317 6
1482 5
1609 4
606 3
529 7
1127 5
28 6
766 3
1747 10
1874 7
1746 6
2026 8
1470 9
221 1
1379 4
1428 8
1184 7
377 2
1792 5
1364 3
143 6
1469 8
1706 7
603 5
453 5
1603 10
1410 3
593 4
970 2
1243 6
139 1
1977 6
1580 8
107 7
112 10
1174 5
327 9
331 4
1845 2
1750 9
155 4
318 2
348 5
747 3
11 4
576 7
11 10
1996 9
1929 8
1452 5
1291 6
902 9
1796 3
651 8
293 7
74 10
892 8
938 4
2022 9
1605 1
835 5
1591 8
1191 9
1399 2
1292 8
89 2
384 6
1559 5
1234 8
291 6
1166 3
1776 5
1669 8
1790 3
190 6
1930 8
127 3
648 7
1067 8
282 6
1153 6
1414 3
1389 2
773 10
1425 1
2011 3
983 2
485 8
1079 7
594 6
1298 9
40 4
1317 8
1278 1
1935 2
116 10
1731 6
1039 8
1631 1
1500 10
1443 10
61 6
797 9
324 4
1589 6
1976 10
900 8
1550 8
1525 5
646 7
1121 10
913 3
846 5
205 9
940 2
1389 3
700 2
1868 6
1337 7
208 4
225 6
24 3
27 8
872 1
1676 9
300 1
461 4
73 9
1651 6
372 2
442 5
1808 2
1872 4
40 9
66 7
765 1
1181 5
1357 9
2043 1
17 3
56 8
155 2
1108 2
1258 9
585 8
735 9
1030 7
727 5
203 9
1800 3
799 2
1111 4
200 9
884 1
53 2
1175 5
1937 7
329 4
15 6
1982 4
1561 5
384 3
1232 2
1039 6
398 3
1847 1
980 2
605 8
1970 6
93 10
547 9
803 10
1255 4
757 9
1915 8
1941 9
1663 5
1963 8
393 8
1894 10
1540 1
1306 2
1865 5
1690 4
1868 1
117 8
1342 3
70 1
306 5
113 9
989 7
1851 1
546 4
1779 3
2001 7
1936 10
1562 4
436 4
1484 10
1142 1
856 6
650 7
1864 8
157 10
2023 7
122 1
268 8
1499 5
182 2
184 3
944 4
1231 2
1593 4
897 8
648 1
1327 3
638 2
1101 6
628 8
18 7
560 4
896 2
147 8
1630 8
303 10
1037 10
1661 3
1730 2
1935 6
1258 2
1575 1
1575 4
1050 1
1473 4
590 5
304 9
598 8
104 2
1355 8
340 4
757 8
525 9
1632 2
1105 1
2016 4
1033 4
1915 6
1362 3
1055 7
1426 10
1115 1
69 8
269 3
1783 5
536 4
210 4
1672 1
624 6
1741 6
1501 9
217 10
1978 3
793 5
1959 2
479 6
439 1
378 5
16 5
209 1
243 3
931 6
1064 10
958 5
1305 3
152 2
597 6
880 6
246 9
1378 4
1534 6
1136 8
622 1
835 1
626 8
274 9
866 3
515 10
1799 8
1927 9
1309 5
1750 6
1757 3
1544 7
995 4
804 5
633 6
1613 10
1623 2
869 8
1239 1
1065 2
970 10
965 9
1922 2
1568 8
67 1
971 10
706 3
1920 4
1090 8
825 8
753 7
1773 4
1447 6
1320 9
1821 6
1719 1
138 1
1777 9
1823 9
1868 10
1333 7
1949 1
986 9
468 7
1031 2
821 3
2028 3
1494 10
1792 7
1515 4
1916 2
318 2
1571 2
1312 9
1687 2
947 6
619 7
480 6
652 8
41 9
1656 7
2002 7
424 4
237 5
1678 6
1511 4
1864 1
517 1
538 5
450 10
441 7
974 2
655 3
1852 4
1559 8
611 6
1348 4
1214 9
1597 10
962 10
712 3
721 7
826 5
294 10
120 7
1672 7
577 5
1848 8
692 2
1177 2
2010 7
267 2
415 9
171 8
625 1
1414 6
198 2
205 7
1675 1
7 6
903 1
1026 5
1104 10
1329 10
1896 8
625 8
525 10
212 8
746 8
874 3
1848 9
328 3
1047 1
838 7
145 5
1822 7
393 4
32 10
1373 4
622 8
1002 4
20 3
1217 4
1248 2
846 9
1274 10
500 10
739 3
1644 2
644 1
914 9
1417 1
1093 1
731 1
1019 9
1046 2
220 5
1515 5
1947 3
1827 2
961 9
634 7
1145 7
1156 7
442 10
1766 2
2025 3
424 4
1259 2
1913 3
342 6
1649 1
649 9
230 4
1058 9
864 2
1389 1
643 5
486 2
284 2
87 7
370 6
1130 9
1662 3
1130 3
514 8
1952 10
2037 6
684 8
1558 2
237 9
240 2
758 7
964 9
1175 2
1676 2
99 2
518 4
663 10
288 6
1046 7
813 5
613 5
1647 8
113 4
1100 1
726 9
448 3
567 3
182 3
1068 9
382 10
1772 3
1223 5
641 4
704 8
996 1
99 7
1754 9
647 1
1390 9
1197 8
255 7
1188 3
896 5
1507 6
841 7
1583 5
178 5
1191 5
38 5
1377 8
880 9
1550 4
782 2
2000 8
87 7
544 6
1395 8
1045 7
850 9
1984 2
263 9
1044 5
578 4
1161 2
1825 6
815 5
1047 7
1056 2
1932 5
1493 5
628 7
782 8
509 9
1810 2
289 8
762 1
159 7
1471 9
455 1
1247 9
23 3
543 2
546 10
1574 9
1977 10
492 5
1034 6
1952 3
1606 8
132 4
562 7
488 3
395 3
394 1
153 2
1719 10
481 3
339 1
433 5
1424 2
1626 5
438 4
220 7
1529 1
616 8
91 3
1205 8
1065 8
1554 5
1634 7
1673 8
1701 5
958 5
1858 4
1228 1
383 9
686 9
1111 10
1053 7
63 2
1426 9
895 7
1505 6
652 6
1135 9
737 6
1441 5
1245 2
1236 10
1768 5
1396 6
1053 3
1761 8
606 3
350 5
706 2
1931 8
353 7
1892 10
1532 5
1666 8
941 8
1595 9
1745 8
313 10
282 9
1470 8
1808 8
558 9
793 3
599 1
977 2
1537 3
1249 3
1097 8
267 8
1707 9
247 9
1417 10
1845 9
1641 7
1966 8
502 4
1252 4
213 8
591 3
1454 10
626 3
1951 4
627 5
796 7
190 10
1309 3
554 6
236 4
297 7
218 3
1461 8
1467 6
812 7
84 8
1744 5
2019 5
187 8
840 9
1301 3
1125 7
356 8
110 2
530 6
498 7
318 1
1613 2
222 5
957 8
545 2
1512 9
1720 10
909 7
1290 10
315 7
691 9
1876 9
962 8
646 3
496 2
1037 4
1687 1
1130 4
568 4
848 6
2004 6
143 1
506 7
1746 9
1154 2
212 3
1465 1
799 10
1860 9
1491 5
1663 9
157 4
2016 5
1146 9
922 7
1294 2
612 6
1144 3
110 4
1989 4
1516 4
1240 8
1423 1
1565 4
140 6
31 3
479 3
1050 6
1218 1
1027 6
1274 9
1649 10
914 7
2039 6
1550 5
281 7
362 8
1698 5
1113 5
843 10
931 5
2025 9
885 7
528 9
883 6
465 10
135 9
571 9
699 7
1124 2
275 10
196 1
1930 8
800 2
1817 5
1102 5
1922 7
518 1
1464 7
338 6
1421 6
707 9
297 5
182 3
1041 10
1357 6
393 2
197 7
496 3
1444 6
323 5
291 6
288 4
709 2
1454 8
1029 6
199 10
1645 1
729 9
1937 2
616 7
1693 4
677 5
755 4
1304 10
392 10
1268 5
1260 5
980 10
1104 7
474 2
1309 6
856 3
1736 6
1251 10
952 6
1918 1
342 4
212 7
1219 3
1632 6
1459 6
1101 6
1145 8
702 1
657 4
1428 4
623 2
1280 9
322 1
1057 9
268 2
182 10
1024 7
1950 6
836 10
535 6
1506 4
1419 4
474 6
168 2
909 3
304 6
171 4
37 1
1380 2
2044 10
1635 1
695 3
1156 6
889 9
1652 6
434 2
693 9
343 10
1852 1
1202 4
1006 4
897 9
1075 3
1167 2
158 10
1498 6
435 8
485 1
1324 10
1484 10
1901 6
1294 9
755 4
934 4
1761 5
349 8
125 9
1426 10
1875 5
75 6
1077 5
1167 6
820 2
1261 4
358 7
1422 6
837 5
1667 9
1639 4
1503 9
1526 1
1030 2
308 9
1636 3
621 2
676 10
1866 9
769 9
831 5
1265 7
1086 10
1243 3
1215 3
915 9
69 10
1902 7
1560 6
499 1
1643 4
1380 9
922 3
1188 7
1446 2
1751 8
1581 5
300 9
22 8
931 7
736 6
1482 10
675 2
1894 9
212 9
443 8
708 1
1129 1
1844 7
555 8
1765 2
459 4
902 3
138 4
477 4
1626 9
698 9
339 10
1224 10
1560 1
882 6
372 1
874 10
1958 5
858 2
433 4
1774 10
1979 9
1520 5
1982 1
1511 3
1927 4
857 2
1444 10
992 6
1519 9
575 3
1155 2
206 2
114 2
288 8
458 9
1022 2
109 1
1917 4
56 4
1428 2
1729 5
1415 6
1818 2
1759 7
20 7
1011 1
1240 4
916 7
21 1
3 5
954 9
1627 8
624 5
866 10
163 10
1751 9
694 6
281 1
20 4
151 7
1259 9
1505 2
183 2
1515 8
1453 10
1846 6
845 2
1138 3
1006 2
1242 10
1971 8
931 2
673 1
1514 1
1765 4
1892 5
131 5
929 5
593 4
115 2
971 9
709 4
144 2
499 2
406 4
543 7
977 4
1426 1
906 1
787 5
1392 8
1483 10
1689 9
193 1
1819 4
1431 8
1980 3
1683 2
1927 8
1937 9
65 6
1533 9
1411 8
1571 1
1317 10
1619 5
178 8
596 9
638 2
955 4
1139 1
572 5
98 6
1776 2
534 1
392 10
410 3
1895 3
706 6
527 4
538 1
764 9
465 9
339 7
818 5
1824 8
301 8
806 6
240 2
1218 2
1126 9
562 3
556 8
818 9
1944 10
755 6
1247 8
1995 1
1771 3
455 7
1298 4
992 9
720 8
619 4
1801 8
900 1
500 5
948 10
180 2
610 10
186 1
1839 4
1302 5
1545 10
1585 1
736 3
1169 4
1798 9
1622 3
305 8
1408 8
168 3
1245 6
282 1
1936 8
746 3
486 4
269 6
1427 6
529 7
517 4
731 6
203 2
972 5
1213 1
1331 2
918 10
1337 2
877 1
397 1
1644 2
810 2
653 9
981 1
1278 9
1177 6
1316 8
1705 2
1115 6
508 1
1202 8
1974 3
390 4
537 7
631 5
2008 9
191 4
470 8
858 4
1929 5
1962 10
1385 1
1296 8
1063 2
986 3
992 2
1427 3
1509 5
1009 5
1201 6
159 4
2046 2
272 4
1708 4
1575 5
450 4
1761 9
1578 10
757 5
1919 5
1159 10
179 5
197 10
1800 2
703 4
490 4
592 1
442 5
1886 9
74 4
906 5
882 6
1968 7
456 4
1840 6
40 3
957 6
1137 4
416 4
1880 10
757 9
1135 2
1532 5
388 2
1784 2
682 6
528 2
171 6
1756 2
1653 8
1161 9
527 3
392 1
66 5
989 7
132 10
1391 2
1862 4
1134 10
699 3
1793 10
242 8
1136 5
741 9
928 9
1921 5
410 6
1794 7
1295 10
1726 6
551 3
1745 2
802 2
1311 3
1479 4
1436 3
108 1
1065 8
1170 3
1064 2
1651 4
1794 5
1923 3
861 3
704 5
365 8
648 6
802 5
966 8
783 3
690 1
2000 5
2008 3
684 9
217 5
832 8
545 7
1978 9
178 3
1133 2
1911 7
2035 2
1356 8
1835 2
337 9
505 2
310 8
80 8
1586 2
227 1
186 2
1916 8
596 2
239 3
103 9
834 5
1812 10
483 7
999 10
180 6
1856 1
301 10
1177 6
675 10
1988 9
1598 9
209 9
1404 2
493 2
581 7
1683 5
2036 1
276 2
216 5
541 3
1150 10
1237 10
2001 1
33 7
1156 1
13 6
1386 6
130 5
1740 4
449 6
1475 3
378 3
293 3
337 5
1681 1
1216 10
1171 2
269 8
952 2
340 5
152 10
300 6
673 9
517 3
663 9
1109 5
1923 9
1334 7
1191 10
1882 1
1153 1
1213 10
1530 3
1194 10
84 1
913 2
353 10
397 3
1745 9
731 5
682 3
700 7
161 10
1954 5
470 9
1246 3
845 8
768 9
1137 1
1758 3
753 4
237 7
1478 8
2022 8
2034 4
572 9
2013 4
1932 9
1056 3
736 9
223 3
2031 3
634 5
701 6
635 5
610 10
250 2
1382 5
1933 10
620 8
630 9
742 3
1056 5
1838 2
814 7
1947 10
744 1
46 9
162 5
1577 5
418 4
1465 3
1491 1
901 2
930 2
718 9
323 9
524 5
552 2
1403 2
1539 5
2035 5
1334 4
412 3
1392 3
1094 2
190 9
1690 6
1793 2
250 8
800 4
1062 9
1155 4
225 5
19 3
1536 10
602 5
1555 7
1550 7
823 9
425 2
1217 7
1223 3
541 9
19 5
1154 7
247 7
1351 2
1142 3
934 6
1435 2
706 10
781 1
1691 9
824 1
1874 5
0 10
1475 9
431 3
122 3
1443 10
1762 2
1534 4
1598 9
1791 7
1853 2
1867 6
461 3
2025 5
698 6
1732 6
189 8
1828 4
311 6
1943 7
111 9
2033 6
1647 4
370 5
1486 5
606 3
837 9
735 10
1672 1
438 3
825 2
978 3
800 6
1755 9
1659 7
1249 8
385 5
446 6
16 10
869 4
1191 9
1403 5
802 9
1677 8
1995 6
1290 4
1051 9
1599 10
422 7
352 3
1738 2
1005 5
1648 2
1392 8
45 8
40 8
1359 9
1623 3
1338 3
650 4
914 4
864 7
1532 2
742 8
1084 9
830 1
1079 7
1660 1
1637 7
281 9
1404 10
1074 8
907 2
891 3
1089 2
1788 9
608 3
2043 10
1289 6
948 3
892 5
323 5
2006 7
1075 8
796 1
1757 10
1674 2
1949 8
2026 5
1592 4
831 8
1137 5
109 7
1276 10
1286 2
542 10
1544 1
1421 7
1685 4
1219 2
433 7
1881 4
701 4
1037 1
1520 1
1528 8
1176 1
785 1
2043 1
38 3
1614 8
36 2
196 6
1824 5
181 8
1997 9
89 7
1726 2
167 8
882 2
2044 5
549 6
1206 6
1343 1
614 2
821 2
1265 3
1254 8
1919 3
326 2
689 8
1320 4
640 8
681 1
1644 3
1757 5
821 10
1388 5
290 10
577 3
1385 4
299 5
717 9
1936 4
401 9
1273 4
1998 7
627 7
1560 10
875 8
446 3
1033 1
1198 6
997 8
899 2
1610 10
965 1
1830 10
618 2
695 1
1179 2
140 2
185 8
1781 6
518 8
172 4
144 4
185 9
1978 7
371 5
103 3
849 2
1029 9
1685 2
749 5
52 3
751 10
297 6
937 10
884 4
636 4
1281 10
37 5
74 4
393 9
843 4
1781 5
45 4
961 1
558 2
1687 7
1356 3
1107 6
1345 7
117 10
1875 3
1642 5
509 4
1379 4
924 8
1986 4
704 1
1286 3
1576 3
1666 2
466 5
85 8
1434 2
870 10
133 9
731 6
735 7
1254 1
1655 1
511 10
1941 3
1757 7
1247 1
1978 3
1337 1
445 4
71 4
298 7
1809 9
1701 8
1773 9
1547 3
911 4
1884 9
1717 5
130 10
506 10
1824 4
534 9
1649 2
869 4
1889 5
87 9
337 5
1889 9
1758 9
152 10
1068 2
832 5
175 1
468 4
430 2
1710 10
122 1
1413 3
1141 9
2037 9
594 1
2034 4
137 7
1372 4
1937 9
1808 7
90 9
1189 5
1235 6
1730 10
132 7
750 2
1573 4
617 1
523 8
1979 3
804 5
167 6
1033 9
1564 9
435 7
2000 4
1933 3
1926 8
1460 3
82 7
1969 7
1643 1
30 9
681 6
1021 8
769 10
1605 3
627 4
1912 4
259 1
1724 9
245 5
1224 6
943 10
1858 1
1691 4
1353 8
1743 2
124 7
682 2
1195 2
574 4
1335 10
19 2
1051 2
478 3
1103 5
1971 8
192 7
189 7
1166 10
1998 5
597 3
1534 2
52 1
572 6
96 1
798 1
1964 1
310 1
1293 7
2027 1
52 1
1710 4
1448 2
1091 2
809 8
1317 4
1435 5
751 5
149 8
1741 5
1418 2
1879 9
407 3
1447 2
1501 3
873 7
717 9
896 6
1154 6
1803 7
54 7
1256 7
661 3
1282 9
405 8
1477 10
112 8
1817 2
1350 10
577 3
233 7
1232 9
1066 1
641 6
68 4
1345 9
1387 9
542 9
518 9
383 2
8 4
314 2
517 2
47 1
1821 3
759 1
1013 7
987 8
474 2
1667 7
468 7
1399 10
1008 8
894 1
340 3
414 7
1552 1
1595 10
435 10
1558 5
1923 3
1426 10
1793 9
305 1
1098 4
281 9
651 1
415 8
699 10
1189 5
567 10
1767 4
3 10
487 10
1292 7
915 6
1074 9
1485 3
1464 8
1854 10
1062 2
797 4
1755 6
688 9
1917 2
889 3
1475 4
1050 4
937 7
586 3
883 3
1722 2
269 7
1244 4
1757 5
283 2
1466 10
1964 10
1693 9
224 7
1049 7
1074 8
487 9
647 7
1800 7
1808 7
236 3
1897 2
732 6
424 1
1801 1
1565 9
983 8
1339 10
1571 4
950 7
30 9
1779 4
122 5
1157 1
459 1
274 8
895 2
1764 2
1602 7
222 10
506 5
1821 10
604 7
1630 7
1579 4
1342 7
321 10
157 1
964 3
142 8
1835 7
1416 8
17 10
803 4
1395 2
1755 8
954 1
2040 10
1950 6
1779 9
229 7
1779 3
1093 9
1224 9
958 3
398 1
217 2
880 3
690 4
1513 4
1222 2
546 7
1780 4
536 5
750 5
725 8
1451 2
330 4
193 9
1975 4
1624 5
106 7
706 3
1337 4
959 6
2012 8
1169 10
1770 10
1977 5
1490 7
1468 2
471 7
223 5
1007 7
1242 10
901 8
405 2
1476 5
1663 7
1941 2
550 9
2026 8
930 7
312 10
652 4
1133 7
920 4
1616 3
1007 3
670 6
1149 9
1911 2
1212 9
1387 3
198 2
1021 5
1742 9
1420 6
1645 3
380 2
287 1
1543 4
281 1
1590 10
1978 3
768 8
1666 2
492 1
1562 2
1030 6
1057 3
1948 1
30 7
1432 5
1407 2
400 6
876 8
1859 4
731 7
1058 8
1892 1
925 1
1733 8
1624 5
502 10
393 3
474 8
974 10
1922 8
35 9
1385 3
2008 10
74 3
1846 5
1067 2
1473 4
1369 9
166 7
1527 8
921 7
935 5
333 4
158 7
16 5
826 1
435 4
1161 4
96 3
481 5
1252 7
561 6
1722 9
1486 3
1755 3
117 5
1146 7
1030 1
467 9
209 8
265 9
1417 9
1093 1
931 3
336 1
1635 5
1163 9
842 7
1399 6
1472 7
1753 10
1777 3
1465 10
2017 7
1167 7
1013 4
1956 10
396 1
512 3
485 2
659 5
903 10
1925 6
1561 8
1798 9
853 7
708 9
1333 8
1173 3
1870 10
612 4
1541 4
1900 6
1219 8
1899 4
1326 8
1304 9
1267 10
536 5
1638 2
41 2
293 5
178 10
1586 2
1882 2
1360 4
838 9
1526 5
654 7
1758 10
1166 7
2014 1
1034 3
1955 3
644 10
1457 7
754 10
1456 7
1645 10
1721 5
493 2
1931 2
814 6
773 1
1016 10
854 2
1965 7
842 10
1434 8
867 1
700 4
1853 10
1251 9
913 8
1779 4
1356 9
631 1
937 3
1506 7
1776 5
814 6
1217 4
954 4
686 1
1868 4
1067 10
1225 2
2034 2
138 1
1261 5
1902 10
649 5
130 10
228 10
1202 6
87 3
281 7
407 10
365 1
1333 8
1698 10
1260 1
1533 7
697 10
288 10
1260 7
283 1
2022 3
190 9
992 5
1068 5
1305 4
799 5
624 5
1374 4
2033 10
557 7
1288 6
1287 8
287 6
1247 5
1758 5
1387 4
236 7
363 8
194 8
1149 2
1499 6
1756 5
1237 2
1593 4
359 10
753 8
896 7
554 8
2026 2
606 9
184 9
1822 9
1467 1
149 6
382 6
264 3
675 3
205 5
1657 3
1754 4
1604 4
1821 6
1358 3
125 2
385 10
574 9
561 9
1736 2
1678 3
553 2
107 4
725 10
1024 10
1019 5
593 7
1933 10
482 10
130 3
1158 8
413 4
755 9
1922 5
522 3
1887 9
1301 2
937 1
569 2
367 2
774 2
297 5
168 5
2028 5
1260 2
535 10
1002 1
330 4
1484 7
827 8
691 2
688 6
224 8
226 2
1247 3
104 6
829 3
567 1
1923 7
1743 9
580 2
1550 2
1930 10
39 5
500 1
1307 4
1606 8
396 6
1598 1
614 3
1915 2
1937 8
1892 10
439 8
1081 5
1022 2
1642 5
1387 7
388 10
1486 4
1573 3
1818 8
699 4
2027 10
1941 6
760 1
491 2
1866 10
1270 4
45 8
821 9
693 8
113 1
364 5
1317 10
218 2
1780 3
1691 6
1977 2
982 9
1021 2
695 1
1375 8
955 1
266 10
1857 10
1859 9
1594 10
1925 10
1324 6
145 7
491 6
1126 8
1007 1
1673 9
1626 3
1161 5
1669 3
65 4
1824 7
1443 6
1923 1
807 2
212 10
38 7
1988 3
1859 1
311 1
457 2
70 8
1827 6
1402 5
1599 4
1450 4
1375 3
1341 6
634 2
1151 10
507 10
1266 1
279 7
684 9
1213 1
1665 2
278 9
381 8
1349 10
588 9
293 7
1422 3
812 1
1076 10
2044 1
1783 5
745 1
1954 10
175 7
1855 3
299 3
1449 3
86 4
145 9
162 8
158 7
1990 10
1170 4
1140 1
738 7
1164 2
1145 10
787 6
1366 2
1678 8
513 2
1955 4
749 7
2011 5
38 10
848 6
922 7
1607 8
679 5
782 1
285 4
1878 7
1969 8
912 7
1673 9
1665 3
397 3
1733 4
1410 4
1255 6
351 6
725 9
1809 4
135 9
384 7
474 2
1467 3
1976 5
158 7
1590 5
1108 9
1713 10
1836 3
959 1
33 3
885 9
130 5
1143 6
1587 4
125 2
1236 5
1798 10
1480 8
188 10
1375 9
1593 4
1677 7
1285 10
1275 2
1570 4
542 2
593 9
242 10
882 5
1961 4
1362 6
1474 2
189 6
1290 2
1682 7
1587 2
187 8
1621 3
120 9
226 8
2038 2
849 8
308 1
1772 4
1109 2
945 7
461 7
1671 7
1985 8
1794 6
1925 3
1549 2
42 5
1867 2
433 5
601 7
822 3
441 4
1975 9
1527 8
155 8
321 7
1364 2
1562 3
990 4
406 3
131 7
382 6
2043 9
316 4
1344 6
1137 10
1255 9
1723 4
1660 7
1105 4
774 4
398 1
296 4
24 4
1082 10
1249 10
1557 8
996 4
589 5
1676 4
124 3
1491 2
1262 8
1150 6
425 8
1582 1
579 6
780 1
869 9
2027 10
145 3
1638 5
1148 10
1790 7
1138 4
1290 5
1380 6
439 2
1087 5
1762 9
73 2
351 5
977 1
131 4
1098 10
264 10
506 9
1116 3
1502 9
1180 3
294 7
2014 10
299 10
249 5
1732 6
104 3
1556 9
558 3
1628 2
120 2
1246 9
216 3
1264 2
63 5
1349 8
205 6
1186 9
892 9
647 2
1589 1
1035 5
1425 8
1952 6
35 7
1145 6
117 9
1866 5
1174 10
1323 6
1530 6
1875 3
2040 9
18 3
843 7
79 8
293 10
1700 8
1741 3
709 5
849 9
705 5
416 2
395 2
1049 4
340 4
53 1
1077 1
1659 9
857 7
394 10
1111 8
1643 3
197 6
292 10
1108 5
1545 9
1385 10
1919 9
1752 5
1781 6
293 6
1426 9
1011 6
1898 4
518 3
1144 8
170 3
279 2
1960 4
1263 3
1947 5
211 3
891 8
411 1
167 10
88 8
2 10
1390 10
722 8
1267 6
906 3
1320 7
666 8
1807 10
1622 9
553 2
377 4
1252 6
1220 6
565 7
334 4
918 1
632 2
451 3
885 4
1529 9
957 10
1669 9
1228 3
1584 1
1983 6
557 10
1685 10
1303 5
682 3
1540 4
468 10
718 3
1828 7
2031 2
912 4
1136 9
961 10
1937 9
1747 3
751 8
1098 3
340 10
406 3
217 6
1116 6
695 10
109 5
595 6
1447 7
1142 6
228 8
1421 5
1531 10
327 10
468 5
1561 5
434 10
131 9
1662 2
704 2
1956 1
1623 4
795 2
548 10
179 4
1806 4
341 7
40 5
285 9
1461 9
1772 7
810 5
1516 3
369 2
1145 5
1036 3
481 1
216 5
529 9
885 4
428 5
1807 1
1306 4
1922 6
1773 6
297 2
570 10
1712 3
445 3
649 1
932 8
1561 6
1300 4
1959 8
352 5
1113 1
2033 7
1006 5
40 9
1052 10
1069 7
1986 3
430 5
1006 7
1166 8
1874 2
1884 4
359 6
1412 10
1713 8
978 7
1411 9
773 1
2023 10
1391 4
2022 4
1892 7
1562 5
487 10
401 4
1356 9
1145 4
305 4
39 5
201 9
333 2
1956 9
847 6
323 9
255 7
1865 4
1894 3
1045 7
1770 6
229 4
691 9
1196 10
1392 6
2036 5
1988 8
1995 4
305 2
1723 2
1474 9
289 4
370 8
1449 4
183 3
1950 2
846 6
455 4
1634 10
1526 8
1338 2
376 4
1055 3
856 8
462 7
1361 4
1953 5
1350 4
738 2
180 2
854 5
1294 3
762 5
1920 3
576 6
1872 5
485 8
479 4
1896 5
1324 1
883 1
777 6
745 5
1923 6
1139 3
1744 9
648 6
1331 6
423 6
1830 10
1331 10
1602 10
1041 8
6 1
650 1
1671 3
429 8
848 10
810 2
211 6
1300 2
1358 8
1244 9
719 4
714 10
1203 5
30 7
1800 5
1432 2
1685 5
1868 8
953 5
1539 3
643 10
743 1
1771 1
315 9
560 2
477 6
1960 8
1543 9
570 7
185 2
1797 5
575 8
296 5
488 7
799 3
1002 7
378 3
635 5
1449 4
543 9
303 1
1173 1
445 10
215 8
1823 5
423 8
348 1
1756 8
1201 9
561 6
991 5
121 8
743 3
1277 7
1171 6
427 7
1553 8
1259 4
933 1
182 8
814 9
195 9
1832 10
358 7
1007 6
1870 7
1424 7
475 7
1492 6
1154 2
104 2
1660 5
181 4
1711 8
596 4
2003 5
550 10
479 9
1419 9
1567 9
1110 7
1780 4
1430 1
118 4
1262 7
672 10
1414 9
572 1
2038 4
88 9
1421 3
826 4
759 2
1968 10
1894 10
1717 2
1915 7
1844 7
1302 8
1551 9
829 10
1127 10
1365 7
1494 5
1822 4
702 5
10 10
439 7
1397 10
320 10
1841 5
450 4
1090 10
689 3
1681 9
1019 5
1091 6
665 2
929 2
509 4
564 7
1107 1
1744 4
1320 5
921 7
1511 8
264 4
1350 9
1676 1
1590 7
1142 8
426 5
612 10
1557 4
1812 9
227 8
347 7
491 6
2011 9
1161 4
582 7
795 1
469 5
905 10
1020 1
1269 4
1823 7
1723 9
1366 9
535 10
1961 2
1928 7
1631 3
1896 5
397 9
51 2
747 5
366 6
341 10
609 9
1316 10
1965 8
1709 1
807 1
1702 10
1525 7
266 4
1780 6
623 4
542 3
868 7
453 9
788 7
1220 2
1828 3
877 5
1368 2
1002 9
1452 1
432 1
1980 8
1875 2
1007 7
1176 9
307 2
554 1
1551 3
542 8
248 8
1614 5
752 5
1383 10
1415 7
1757 9
1275 4
1089 1
509 2
2005 5
1896 7
76 1
335 2
1275 4
68 3
978 9
1052 7
749 3
359 10
1841 6
127 8
1783 1
1725 5
187 7
1149 8
1327 8
1210 10
1080 7
1136 4
1091 2
896 8
1772 3
273 2
1517 10
1082 9
623 6
568 9
1449 10
99 4
1766 1
469 8
1514 9
1522 1
1917 2
636 9
627 1
1799 6
168 1
1003 3
1890 7
1422 9
1610 4
28 2
1230 3
1029 7
453 4
671 4
1829 7
831 7
288 3
445 7
41 3
2011 7
122 2
1437 8
150 1
947 9
841 10
600 9
1940 8
1867 5
1418 6
1435 5
286 5
436 8
26 4
1243 2
747 2
478 4
428 2
314 3
774 9
210 10
960 2
1223 3
1795 2
421 8
89 7
1839 1
794 6
146 4
1923 10
1137 4
496 2
1032 8
581 9
1886 7
905 3
59 3
554 2
265 4
1955 6
1233 6
602 8
37 8
1799 3
1419 7
1298 1
746 8
367 8
1668 9
1153 6
822 10
717 4
1741 8
316 10
1048 6
550 8
1879 1
1087 4
1732 10
1716 4
1318 1
687 3
1676 3
1662 1
130 10
666 7
363 1
548 2
340 9
683 2
853 8
1780 5
1587 6
116 9
924 9
140 6
1512 3
1839 5
1471 8
558 2
522 2
1406 8
1028 4
1332 4
2025 2
850 2
586 7
893 7
1917 1
156 9
68 1
1816 10
1595 3
66 7
954 5
1407 3
1284 2
1655 1
1594 8
1150 10
478 3
1660 1
1285 2
1153 7
1132 10
1972 9
8 4
1047 2
846 4
1600 6
268 10
1363 10
1980 7
15 9
1889 6
544 7
751 7
1005 1
662 3
348 8
1967 9
988 5
841 7
700 8
437 3
1898 10
1810 2
696 8
43 4
421 3
217 1
1699 4
121 9
204 5
615 4
415 1
1299 6
1167 8
1302 7
556 1
2035 1
1150 9
1815 9
1770 3
396 2
805 1
333 9
1047 10
1467 9
1474 6
1062 9
1272 9
1673 2
1466 3
467 10
1635 4
1136 8
1084 8
440 7
839 7
695 1
142 9
1107 9
314 4
477 7
1797 2
1947 6
224 2
1499 2
1227 1
1566 8
274 9
816 3
1786 9
724 10
729 9
2017 1
1322 9
994 8
16 9
1368 7
933 10
2039 8
561 9
1759 1
1789 4
1866 7
1689 8
577 5
987 9
690 9
1121 10
1068 6
1409 8
1186 3
333 9
1512 9
491 1
1200 9
553 3
1241 1
103 7
131 1
1207 6
1028 10
2014 10
1723 10
816 2
1972 9
999 2
479 4
1321 2
1835 6
1485 9
2015 5
1627 8
882 4
1312 4
774 9
1377 4
1586 4
221 7
935 5
1555 7
1150 8
683 6
472 2
1322 6
1061 5
576 7
1035 9
116 5
1102 10
707 2
1519 7
160 5
1215 5
98 8
1617 1
269 2
1958 3
275 3
1515 6
709 5
712 5
1703 9
105 4
1873 1
153 3
1523 9
1842 3
1463 10
1499 2
1030 4
938 10
1988 9
1680 9
99 2
633 9
756 9
1835 8
665 7
35 10
301 8
202 9
1964 1
43 2
937 8
1320 3
1685 4
1884 3
1498 5
1523 4
1863 2
934 6
316 3
1214 4
277 7
1340 10
503 10
247 8
1363 7
74 5
1833 5
1519 9
1723 5
949 4
1189 8
14 9
358 7
1526 3
692 1
1634 1
1561 1
1292 8
122 7
1182 8
1181 6
1999 4
920 9
75 1
1076 3
205 5
840 4
1783 6
264 1
841 4
1530 2
716 6
1744 8
1091 2
974 4
1845 3
762 1
1164 9
1576 7
1946 3
22 8
1474 6
584 5
1584 9
398 10
1124 5
658 2
558 10
1298 2
1792 3
320 7
19 5
435 9
1070 9
1620 5
1242 4
1763 5
1279 1
760 6
284 5
1937 6
1741 5
793 10
609 2
1277 2
164 4
1501 1
321 4
725 6
961 10
748 7
455 6
1491 6
1323 5
879 7
1582 7
1071 4
1728 6
1510 5
1798 1
860 4
1374 5
861 10
422 4
1516 5
196 3
1149 3
309 2
1818 2
675 10
86 2
258 5
524 3
1271 9
1991 1
753 9
1299 2
1843 8
176 3
265 4
1903 6
1337 4
458 9
1328 9
1126 7
1556 3
556 3
1158 5
983 7
387 1
1385 8
1311 6
0 6
282 4
1614 10
1885 8
330 4
851 8
374 8
308 3
1122 9
1538 3
1873 7
1396 4
811 3
1671 6
1589 1
1724 6
1786 7
849 10
1752 7
1786 1
334 3
1556 1
1 6
1119 3
1646 2
1079 7
1174 5
1150 4
737 7
430 1
845 6
1430 2
1884 6
376 5
1835 5
848 10
1692 4
1540 1
884 7
1194 2
726 3
920 4
1652 3
1645 3
1470 3
1457 2
950 2
141 6
934 5
1992 6
1547 4
274 5
739 4
191 9
1193 10
590 6
828 5
1229 9
656 3
1143 9
1262 10
964 5
1546 6
1268 4
1670 8
656 6
1073 6
1957 6
372 2
2031 7
801 6
111 4
1966 10
1629 7
1764 9
551 6
510 4
258 2
1305 1
1204 3
1735 5
1121 4
96 9
1060 6
1752 2
1084 7
1362 5
45 5
294 4
1365 5
2010 6
1964 7
659 7
1050 1
72 7
1105 2
1995 9
1608 8
1517 4
1408 1
853 5
1325 5
360 9
770 5
806 1
494 8
1873 8
729 1
743 9
1844 7
505 6
1378 3
0 8
962 7
560 1
1098 10
1425 10
1693 9
1141 5
1815 7
1187 9
1921 2
523 7
338 6
1391 1
425 9
964 3
2000 5
656 1
1660 5
170 2
550 4
934 3
1466 2
1953 5
482 10
165 9
632 3
373 2
1474 5
594 7
1125 5
1526 3
1283 8
819 9
111 7
1727 3
763 8
1377 7
936 6
52 10
1195 10
1948 3
619 9
886 1
613 7
1222 3
1668 8
963 4
838 9
1545 6
1604 2
411 7
955 6
1550 4
1727 6
835 4
399 8
1232 2
1771 1
1493 1
1461 4
1343 2
1698 1
1941 9
1376 5
1903 8
504 8
856 9
227 2
1242 1
1770 7
876 2
1231 9
1142 1
470 4
297 6
522 2
823 7
80 1
941 6
1472 7
173 5
1387 7
805 10
1309 2
1468 2
907 6
1126 2
617 5
1469 9
1552 8
1513 4
822 2
411 1
610 1
266 1
655 5
910 7
456 9
1029 2
1180 10
1599 1
670 1
995 10
1568 8
1877 1
1629 8
119 9
61 2
1735 2
1612 6
587 6
1215 5
847 3
1953 4
1305 9
545 6
179 5
1365 4
1071 9
1640 4
798 8
1193 1
893 7
900 1
562 6
1569 8
33 2
759 5
2004 5
137 5
1952 10
1747 3
1201 7
1552 6
88 2
1418 4
1285 2
1604 8
1138 5
1330 3
1015 2
807 5
1770 7
1403 6
1436 5
884 1
1504 10
1769 5
549 2
1430 2
426 7
124 2
708 3
1696 2
1342 3
881 9
404 7
304 5
368 3
680 6
932 7
453 6
404 8
1702 9
1353 9
714 2
100 10
1767 4
424 6
2001 2
439 8
1077 2
681 1
925 1
621 7
578 8
6 8
1574 10
652 1
1216 5
1195 8
390 1
1449 6
1470 10
1901 3
1861 8
52 6
574 10
1622 3
1244 7
325 4
1357 10
576 6
1665 2
803 9
970 7
238 3
1013 8
1266 5
827 8
1135 4
1454 4
955 8
105 7
1190 7
970 2
1259 3
371 8
193 8
551 5
1312 6
1399 2
634 7
1401 3
1034 4
860 5
1265 2
1118 3
1005 6
1346 3
1520 3
1436 8
210 3
1637 9
2036 3
1810 7
95 10
2021 9
1643 5
169 4
1215 9
945 8
866 10
1587 6
554 9
1651 5
1674 5
1858 9
734 8
694 6
432 5
1600 1
766 8
156 3
1196 6
1052 4
1981 4
779 2
1920 2
1629 4
568 2
390 8
991 4
1986 2
1559 2
0 9
453 7
763 10
1651 2
569 6
45 7
189 4
66 1
1430 3
5 7
1941 8
1565 2
1762 8
1299 3
1055 8
1402 9
928 5
239 6
811 6
1365 4
1336 8
1779 10
1268 1
107 10
1636 7
535 9
537 4
1428 9
1960 9
34 4
1147 4
997 2
832 10
813 5
1673 8
1928 9
551 5
1691 6
1353 9
1481 6
868 8
160 2
252 1
794 4
366 6
780 1
219 4
1009 2
1612 6
1701 4
1044 2
1181 8
2042 5
724 4
1403 7
1097 8
1748 2
665 3
1018 1
1244 2
1615 10
1775 6
1969 5
242 7
1351 2
1518 9
595 3
1144 4
969 2
873 10
756 3
1978 1
1982 5
320 8
75 7
481 7
1475 7
669 5
947 3
1001 1
161 6
846 9
1840 4
633 2
1722 6
1860 3
1170 4
1810 5
49 7
226 5
669 3
913 10
1941 8
1371 7
1466 1
1959 6
1221 4
181 1
307 9
597 4
816 6
741 2
1936 6
1078 3
1787 8
138 5
2022 6
876 2
547 2
1222 9
1649 9
836 7
1245 6
730 6
498 3
563 6
690 10
995 2
1204 6
1997 6
587 9
1942 4
1420 9
1706 6
1676 3
790 1
1388 1
1411 9
117 1
1664 9
345 10
397 7
1040 2
1187 1
1437 3
846 9
1321 6
962 10
1637 6
852 5
404 10
499 6
728 8
1393 4
436 4
1841 8
491 2
768 3
749 10
1819 8
825 8
1399 5
687 9
1455 10
935 3
1614 1
1436 3
249 4
1994 3
1123 9
445 2
774 8
175 9
834 10
795 6
1283 7
1164 10
285 1
1629 6
607 8
1582 4
359 2
1852 8
132 8
1986 5
274 3
1762 7
1187 10
1910 8
597 3
631 4
1300 8
1450 10
1053 6
1896 2
166 5
1269 7
676 4
640 8
121 10
180 8
370 9
956 2
248 7
1992 4
662 1
263 3
127 6
149 5
984 10
283 4
1559 4
728 5
1357 9
1772 2
875 3
1766 2
1889 5
994 1
1335 7
1547 9
656 9
360 4
1084 1
99 6
1971 6
378 3
290 6
930 2
294 9
1396 9
82 9
131 6
856 4
1793 10
1312 2
1639 8
605 4
588 6
923 9
1557 2
1105 1
383 7
1133 10
587 1
1181 2
1552 6
1142 8
1817 9
1982 5
1251 1
1359 6
11 7
58 3
1146 7
1879 1
2017 3
610 10
976 10
165 6
771 9
176 7
218 3
559 2
1273 1
1301 2
1078 2
1516 5
762 5
1971 3
1768 6
1015 4
545 7
1390 1
480 5
1215 5
1985 1
1211 10
1873 1
1155 3
1279 4
831 8
557 8
1106 5
389 10
1262 6
836 9
462 1
139 2
1214 10
396 10
269 4
1973 5
742 10
281 10
496 10
836 4
1215 2
810 4
93 4
357 7
955 3
380 10
737 10
133 1
1011 8
2018 2
1480 6
1268 10
1546 3
315 6
687 2
799 2
24 1
474 8
858 6
395 9
140 5
1249 8
1439 2
1387 9
812 1
380 9
1914 1
1430 3
501 5
819 10
1956 1
535 2
712 1
1768 5
190 2
213 10
1432 5
480 3
138 8
196 8
2017 9
621 10
603 8
761 3
655 2
735 9
1776 2
208 3
1530 1
108 4
169 6
902 2
1892 4
1714 3
1863 9
314 1
1220 7
767 9
1664 10
320 5
568 9
1319 9
1053 10
946 4
354 8
1088 1
751 9
1627 7
573 2
1684 5
357 2
734 5
100 6
848 8
348 6
748 4
471 7
1804 1
1151 1
12 7
615 1
1521 7
170 7
1607 9
461 6
721 8
1888 10
115 9
1210 3
1002 2
353 9
1153 10
984 7
1473 8
1839 7
281 3
1304 5
640 3
109 8
1917 2
1427 2
13 9
1740 3
1823 4
713 9
1835 9
1178 10
1808 1
1433 10
801 10
1963 4
1974 1
392 4
278 3
740 6
1164 10
22 3
1414 5
1572 3
642 4
302 7
1630 8
1752 6
664 2
351 8
813 3
610 8
1046 4
998 7
789 9
1475 1
504 5
1956 10
110 3
282 9
1948 4
1535 3
494 1
1620 4
817 1
1182 7
1988 10
713 7
1831 10
138 2
1961 9
1099 3
1112 2
19 4
1802 1
1228 5
1659 10
1048 1
2043 8
1744 4
722 3
970 3
1240 4
1968 3
473 4
484 4
1347 7
512 9
1656 2
1831 3
215 8
1026 4
468 3
821 7
472 8
115 3
207 7
425 6
1359 7
78 4
942 4
640 8
1119 3
1300 5
1562 10
1622 10
1952 4
1241 3
1627 6
1655 7
347 8
1391 3
1861 3
1588 2
1738 5
1305 3
1887 10
1279 7
292 5
2023 10
1648 10
1605 10
930 1
844 5
35 5
614 6
738 3
1660 7
812 1
22 9
1489 5
193 2
271 1
493 7
1424 8
1812 4
1792 1
38 6
78 8
1633 9
438 3
146 10
518 4
693 5
563 9
77 5
1428 2
1013 5
636 9
1265 3
1286 6
633 5
1630 8
1128 10
1374 5
1476 1
1214 8
1682 7
229 3
1506 6
1241 7
1325 1
26 1
237 1
1641 1
1222 7
272 3
1112 6
1346 1
1795 8
1736 1
406 2
316 5
1746 2
561 2
1311 7
1400 5
990 2
722 4
186 2
76 8
1166 7
1447 10
1531 8
741 7
1874 5
756 8
334 8
1976 7
305 8
1754 4
1654 2
1652 3
331 7
2027 3
47 4
1182 7
459 8
1169 7
1085 7
1210 9
422 6
1397 3
1223 2
376 9
1134 4
1148 5
123 2
2039 7
1021 10
1855 8
1502 6
1447 9
812 5
15 3
1594 6
394 3
1456 8
52 7
1722 7
839 9
579 7
887 5
176 10
341 6
402 8
1951 5
437 10
1005 10
1294 10
1310 9
1273 4
764 9
512 8
1686 10
437 4
231 10
703 6
1223 6
1425 10
548 2
987 2
109 9
582 1
1038 10
1319 2
954 3
305 6
180 7
22 3
1418 5
2008 10
590 8
542 10
1223 9
992 8
1138 1
1616 5
1153 9
144 1
420 7
491 6
311 6
1929 9
1548 10
936 6
811 9
239 10
1915 2
1680 10
647 8
1645 3
152 8
247 1
1996 8
1319 5
1817 4
1077 5
1103 2
1275 3
1582 9
138 4
174 8
1656 7
1942 10
1369 5
90 9
341 6
758 3
2043 2
952 7
1901 5
1522 8
697 8
235 3
68 10
1613 9
476 8
1514 10
271 7
1190 4
1861 10
1040 8
344 7
398 2
778 10
452 8
17 6
152 9
1742 7
233 1
1415 1
1243 1
721 2
1703 5
1932 9
1922 6
1303 10
1734 3
691 3
1566 1
620 4
1739 7
935 3
1674 3
182 9
1702 6
1773 1
1579 9
559 5
1924 3
117 6
1872 2
1738 4
209 9
1767 10
731 7
1097 8
1204 1
146 5
1499 6
1213 9
1636 10
322 2
395 3
29 3
801 1
1877 9
1129 2
218 3
1844 8
1178 4
809 3
514 2
650 7
1999 4
1969 7
1652 1
445 9
154 4
1257 7
1939 5
1610 1
1865 7
510 6
1403 10
1482 7
1886 2
986 8
1837 3
2000 5
1190 10
1702 1
652 2
1316 6
530 10
38 3
1426 7
699 10
519 7
1284 3
2005 3
1886 3
396 7
1734 1
1311 2
846 4
256 2
1357 9
1221 5
400 10
1119 2
1293 5
553 9
764 6
1353 3
732 4
1559 6
1385 2
1886 8
1392 3
667 1
788 5
408 3
1158 9
307 5
497 4
1543 8
854 7
699 6
1621 1
1872 5
1084 6
757 3
565 4
761 7
194 4
1926 8
45 3
160 8
351 8
1037 2
2037 5
1016 9
1842 1
550 3
1963 10
1211 3
1572 10
1556 7
1390 5
297 8
119 1
398 5
1211 5
764 8
1941 3
572 4
618 6
237 7
533 3
1627 10
892 7
27 9
1939 8
881 6
1797 5
1742 7
1819 4
822 1
1333 1
205 2
56 5
1204 10
61 9
1906 6
699 7
64 5
1133 1
906 9
91 8
368 3
20 2
679 8
1771 1
1602 10
715 8
1009 8
519 9
98 8
509 10
835 2
1119 9
635 4
1922 4
958 5
1558 6
161 4
126 5
1005 1
1134 8
1872 4
1813 5
1526 5
548 6
366 7
1792 2
1710 10
1862 6
471 3
1924 3
323 9
1991 1
525 9
1209 2
1204 2
199 7
82 4
1489 10
878 8
666 7
2041 10
120 6
1025 2
1993 9
509 4
1098 4
364 8
1535 9
1870 6
1423 6
356 4
1965 6
1527 4
1361 6
311 4
904 6
1811 2
24 6
236 1
186 1
492 10
1266 10
1728 5
487 1
69 1
249 7
87 3
73 5
802 2
183 5
363 9
529 4
1235 10
1812 5
618 2
728 9
776 9
959 9
457 3
371 9
651 8
175 6
1151 1
2009 9
1645 4
253 2
782 7
1286 3
84 3
1646 4
532 3
225 8
1954 9
1358 8
898 2
533 9
578 5
841 8
1308 5
715 5
1217 7
506 7
567 1
1060 3
1154 5
329 10
1071 4
199 5
636 8
294 5
882 9
338 7
390 1
402 2
1777 5
869 6
900 4
895 6
1187 1
594 1
1655 8
723 7
1642 8
1410 6
1387 5
749 10
930 1
1002 4
1668 6
1501 3
2019 4
987 2
1617 1
1588 9
301 6
1008 10
67 5
1309 10
536 10
1517 3
772 3
1633 9
1822 2
1716 4
394 10
1658 1
451 4
175 8
1122 4
204 10
1201 6
1698 2
144 9
448 2
128 4
1551 10
352 2
7 4
1295 7
526 2
1659 5
227 3
1474 9
1011 2
1050 10
1913 5
1650 1
929 8
1867 4
1915 10
1286 2
286 2
662 5
255 2
66 1
233 8
1503 5
588 3
1120 5
860 1
330 2
2042 7
1147 7
407 9
845 4
787 2
1877 6
1093 4
777 9
1303 9
560 7
303 6
1927 1
331 4
92 8
1907 4
1639 7
679 9
1200 2
714 10
1033 9
1660 9
1807 2
161 1
1326 3
2039 5
556 8
2010 7
1814 7
1937 5
738 2
1596 2
1564 9
1726 4
533 8
1456 3
1682 3
767 7
590 4
446 3
1555 3
2038 7
1840 4
515 6
1380 4
467 2
1534 4
42 9
1179 9
1153 5
1801 2
411 3
1131 2
52 2
1254 3
1239 4
342 10
359 9
1172 2
1457 2
1712 6
102 10
110 5
376 5
383 8
1901 2
2034 10
1597 8
1053 8
372 1
1637 3
749 1
880 2
941 7
1721 9
1977 1
678 4
1794 7
682 10
741 1
498 10
1592 4
576 7
288 1
1691 10
300 3
313 6
1826 6
565 8
418 1
993 5
911 2
2010 1
1140 4
1445 8
1563 8
1885 7
506 8
611 5
1498 4
713 1
930 3
1043 1
9 4
109 6
1305 9
1132 8
264 8
12 8
994 6
1939 4
1329 6
1130 5
331 7
1392 9
1903 1
606 10
701 6
1459 4
1683 3
994 8
379 9
965 3
1896 4
405 9
15 8
28 10
1746 6
1934 3
1298 2
640 8
333 7
211 1
549 8
1314 5
835 2
23 9
1164 7
1148 7
1720 10
1875 3
283 7
1735 9
1602 2
839 7
311 6
1707 8
706 6
1025 6
1346 3
1249 1
1928 1
1581 7
495 1
1821 10
1258 8
1895 7
1790 6
1942 4
152 5
1056 7
573 8
2022 10
666 1
1724 3
2021 4
1869 4
578 8
187 3
1842 7
1259 2
804 9
867 9
975 4
981 10
1407 3
671 4
1618 7
1278 4
646 1
404 4
522 1
1482 6
1251 7
953 5
1436 9
1827 2
726 3
471 5
43 10
101 5
1814 1
1294 3
1487 6
1053 5
542 9
1211 1
1106 2
76 3
1599 8
995 4
1406 7
62 2
1929 8
1382 10
536 1
375 8
1157 4
26 3
106 5
1995 4
1703 10
1811 2
155 2
348 10
2000 2
1131 4
1804 2
110 7
831 5
