1000 matrix coordinate no_pattern
100 100 1000
50 73 54.271700
41 82 8.343355
2 45 82.394293
74 29 91.917004
17 96 63.726831
23 48 68.611419
8 70 12.942420
46 60 80.216124
81 52 84.658716
12 14 46.573535
17 47 18.074159
55 34 11.310652
0 24 90.952100
86 12 90.509478
31 37 50.316278
86 3 47.609148
85 9 44.791382
53 76 30.906438
64 89 70.036760
43 84 21.679831
79 87 47.688738
17 73 41.480703
45 41 48.763690
34 1 15.125855
31 57 94.925236
32 80 16.163239
98 23 63.548460
1 32 69.520609
34 15 14.124349
59 98 60.998457
5 15 44.140816
6 93 57.079952
45 29 63.735888
43 58 56.315379
47 88 17.275980
99 11 34.177341
40 7 10.803570
35 16 97.674375
0 82 80.784343
53 16 66.914740
13 52 7.070317
48 63 69.503950
14 56 53.545765
60 68 6.680330
1 97 5.504483
92 82 81.600100
72 28 81.974647
37 59 20.856595
31 94 56.941629
11 88 4.215704
37 23 7.429470
32 25 43.520694
89 20 79.935132
78 71 38.015383
57 50 97.599382
58 98 52.998308
53 30 37.124403
37 86 92.400197
11 60 17.953357
53 26 47.959724
89 32 29.852966
13 88 99.140751
93 1 67.400565
12 78 95.635697
97 85 41.310239
64 33 31.723969
32 56 74.087229
9 53 89.861611
31 67 83.882313
37 28 77.832430
40 37 96.885100
67 56 77.092910
91 54 15.335768
68 31 95.082913
52 46 20.218193
71 44 86.552154
8 58 12.324442
3 1 36.864494
80 23 69.830940
37 9 12.932243
0 35 33.970535
58 58 34.340850
23 35 73.160878
74 40 6.881565
97 34 15.895444
99 24 10.847292
85 3 95.504689
24 38 72.495562
69 85 38.107797
73 67 74.839014
29 63 78.356184
4 39 71.736941
92 55 46.171698
93 17 76.122956
50 77 18.518831
67 93 95.769491
26 79 20.281442
52 12 94.610877
32 32 39.626087
25 30 99.481683
34 28 96.179019
76 54 48.597387
64 94 98.608555
90 30 89.812191
26 17 74.516519
5 22 91.666497
98 2 47.852277
96 10 96.329526
25 60 59.362606
31 98 23.283677
50 54 60.861172
87 64 50.714115
33 44 88.015476
30 12 94.604782
15 11 36.462382
9 15 40.399398
61 32 35.458418
88 31 85.048531
39 34 93.081092
42 83 87.364566
42 3 99.373301
98 62 38.946437
84 92 21.293635
4 28 77.591790
97 5 6.810443
82 99 91.120611
59 84 70.059439
12 82 53.317873
37 7 33.031185
50 17 97.198352
53 45 79.815243
63 57 42.926739
14 83 65.212042
81 97 74.873366
41 1 37.859305
61 65 5.336632
7 16 21.612396
35 49 58.174238
81 65 76.978592
49 91 72.620931
7 43 72.529536
96 8 29.508386
62 28 38.419426
15 92 26.360774
48 31 44.021065
10 49 40.987474
66 58 76.319920
64 10 34.350035
32 68 75.569407
39 44 22.405383
53 5 39.664439
40 94 76.398354
82 9 62.681614
21 84 47.445281
20 47 39.160827
46 39 78.523089
39 77 97.402523
11 49 26.817007
17 99 72.105689
80 20 28.224783
29 25 67.455967
43 73 94.948936
42 57 73.839851
21 31 2.931438
50 80 28.964271
29 92 47.039621
53 88 51.760214
54 62 44.906486
55 65 33.827550
11 45 23.408924
55 44 89.701682
26 14 23.919380
89 12 96.285430
27 85 33.072903
44 44 72.708346
61 26 60.435750
89 99 47.859382
80 45 28.307684
71 36 47.112393
95 73 8.766587
48 84 24.764773
59 32 41.038581
43 61 54.119348
7 90 53.649465
78 6 65.437469
46 30 93.142825
74 56 56.304904
58 61 26.784990
83 50 45.926513
75 65 65.488106
5 1 7.646468
22 72 51.879061
78 40 95.738939
98 96 21.668900
92 94 18.510024
13 50 86.445733
90 21 35.232465
33 78 49.250694
24 15 49.835047
29 43 64.721360
62 61 54.109639
40 14 68.699683
22 40 14.686345
13 27 39.902222
57 21 69.042796
37 60 59.931935
42 58 23.685799
62 67 76.769294
99 23 76.905496
64 84 68.834178
62 6 2.554579
22 86 69.318998
71 51 37.180269
71 13 88.705728
74 30 53.468245
80 53 12.727428
33 52 58.071806
61 33 17.087589
42 94 29.482695
0 70 54.003015
41 33 78.870670
43 70 90.508528
58 11 56.069577
65 32 42.387471
43 1 70.781059
34 50 75.514317
60 3 35.176104
81 43 73.678280
71 33 27.803237
34 45 61.819858
24 43 21.411287
53 92 58.774194
66 76 48.195293
30 73 28.314799
27 99 7.898302
68 91 50.524452
58 34 46.615865
51 98 26.798044
4 95 12.723382
30 5 51.373600
67 61 13.852200
66 96 73.703463
32 11 61.439813
91 70 42.502783
35 96 97.123195
85 94 99.589940
28 32 17.331514
5 91 85.148017
35 45 58.967344
13 28 37.630436
30 81 28.265230
4 51 14.735498
71 79 27.164294
59 70 14.430557
83 19 23.944371
28 31 13.399689
84 73 22.947469
11 84 51.689321
71 50 25.539810
49 87 49.020195
86 1 29.843526
10 19 78.196585
3 23 39.819392
90 70 76.305988
66 66 31.402248
93 26 57.359741
0 26 66.809007
10 22 46.107713
49 46 0.172353
1 43 87.918615
96 58 82.386052
39 99 6.005595
61 85 21.297033
13 17 63.858150
44 88 75.971618
2 57 90.053456
47 50 41.075099
42 47 17.743360
54 75 57.518093
41 0 58.674272
69 46 91.058463
16 6 96.099848
3 5 90.871562
20 3 11.217466
91 49 1.116224
50 69 83.982583
48 53 38.137950
72 51 14.001325
75 21 80.200381
67 68 14.777813
0 98 38.666607
9 8 59.110832
94 15 33.401536
95 16 31.569389
22 49 95.578082
26 47 50.966820
30 17 3.009329
29 95 5.318007
31 31 38.086596
19 89 93.909229
6 57 97.628156
45 39 97.506488
56 71 94.444699
80 32 40.776200
64 58 70.118296
65 57 20.833515
54 99 11.065648
90 42 97.337583
99 37 35.523128
82 74 97.512282
43 5 75.238733
97 45 4.225098
47 1 22.989911
32 46 77.370824
93 31 84.349544
5 61 30.702019
40 84 82.226654
6 55 71.926480
51 26 52.109762
42 39 34.204284
43 23 69.296160
65 44 21.038214
16 64 32.224513
8 15 40.737922
71 57 2.318941
46 47 45.742074
2 90 60.393528
45 32 48.279464
98 98 55.989708
49 47 65.959963
36 82 7.464233
10 7 71.380987
1 74 70.985961
7 29 82.309504
81 19 9.451089
64 55 97.610709
72 76 14.217728
69 63 75.919241
58 6 65.716976
68 95 82.218957
64 31 18.183310
24 20 88.525173
55 54 36.326689
61 64 16.708515
93 80 49.123902
23 20 13.545932
45 31 30.848280
48 26 20.995239
66 62 10.602255
4 44 86.787290
20 29 96.710603
68 74 8.991468
11 63 53.766368
7 55 50.009479
47 80 60.061480
92 13 0.631054
47 17 40.465285
11 39 92.227407
38 53 21.441147
25 64 9.652265
59 35 29.236816
66 11 16.800611
93 74 90.663279
90 55 87.264507
47 24 95.760020
81 78 10.796794
17 59 25.273340
1 7 23.788996
22 20 20.033253
95 17 63.458166
42 13 1.502607
9 14 25.503650
48 58 23.638656
55 82 14.558553
80 58 67.056013
98 60 8.388483
67 83 16.642830
99 60 54.766103
7 51 64.318680
74 99 52.662899
10 3 19.651133
23 2 81.787394
22 33 73.811535
23 47 45.843475
58 26 91.888028
95 85 71.315087
95 56 84.418504
55 45 22.966570
79 18 36.257935
33 97 96.608959
39 69 50.174857
96 28 72.938358
63 81 9.386376
3 17 12.247770
39 57 14.362835
71 42 82.114445
25 41 64.130997
61 40 36.923940
73 48 57.563922
88 15 12.448662
13 2 83.988973
0 69 96.784322
91 52 50.350123
25 89 3.095842
28 13 34.126041
97 47 52.698304
35 64 66.657225
57 57 46.614631
89 43 71.466321
19 24 9.131328
99 50 53.462221
6 83 45.102651
59 74 48.093341
95 88 18.118768
78 50 78.714050
92 36 28.727670
41 13 36.800535
91 53 56.097214
75 28 15.997989
28 84 64.225681
67 47 52.048506
16 49 91.765040
85 67 80.761587
72 71 51.093876
30 35 54.745269
49 34 40.723401
5 95 60.488092
40 52 47.263551
42 46 16.278725
83 45 32.218947
34 83 30.111613
76 65 93.196576
21 58 46.679381
70 96 26.152684
20 17 74.737796
88 97 9.849053
14 89 54.906646
7 59 4.885767
47 53 41.123749
60 80 39.707959
21 7 95.210855
24 60 58.301153
85 61 88.315782
45 79 30.713178
68 88 72.890315
11 12 4.251385
2 48 5.363234
83 52 54.175703
45 13 60.774232
10 82 58.908953
21 66 64.286991
0 0 55.161405
45 9 55.764442
13 73 52.319516
81 86 36.181332
28 6 53.428397
99 16 36.570137
54 14 1.443799
82 81 99.468396
75 17 50.267665
0 80 45.887062
90 34 80.464129
53 15 17.260336
94 22 38.657363
42 82 20.852334
37 22 41.638601
95 7 82.297508
49 19 35.910625
77 28 55.867824
88 10 14.286528
45 81 7.911289
95 42 85.835721
38 26 37.925293
87 26 21.210106
65 2 64.362013
6 43 30.893138
61 9 71.589590
90 17 48.556988
66 12 34.534841
85 71 9.736253
90 73 90.117462
47 58 17.418138
86 50 92.606489
96 22 39.867014
9 97 90.927975
59 52 24.178929
16 27 22.954689
0 21 16.813363
77 12 7.596544
10 87 18.713122
9 30 23.370444
5 46 21.749420
72 74 97.168905
74 14 38.027179
9 31 30.357085
64 29 5.943201
70 35 99.371715
94 13 29.185685
90 69 69.852941
42 71 94.303330
19 16 66.322406
97 27 13.997374
82 67 8.218098
10 95 21.192885
42 8 73.183016
48 52 71.178879
36 26 54.436143
21 63 11.148337
3 44 78.435356
97 22 40.096905
81 10 1.910223
8 90 18.963459
59 80 81.802400
89 67 59.263365
73 98 83.269299
33 51 33.054446
85 38 84.472014
24 49 17.406538
83 98 18.291415
99 46 94.273694
92 53 58.278536
53 95 93.741417
58 10 91.641461
96 5 82.915579
77 39 25.539866
58 51 27.859854
43 47 55.409031
40 23 64.938442
29 14 97.216479
52 69 57.738024
34 59 90.979955
25 56 64.939458
79 64 95.323143
68 59 23.368149
29 29 63.011408
66 84 67.749078
80 54 79.378711
98 89 58.061444
92 69 49.867620
48 4 8.742258
20 34 47.830635
74 41 81.372088
82 26 62.070380
12 50 19.272611
1 15 12.568672
95 81 95.678309
70 86 88.900314
83 96 88.575862
91 43 53.279656
42 77 92.165239
62 3 41.120247
8 68 18.097606
68 41 73.032833
47 49 0.612367
41 18 7.417452
46 27 22.702465
27 28 15.887122
43 97 47.832376
26 1 14.757770
18 16 11.854608
68 24 88.655695
7 20 79.586198
56 84 99.887361
65 54 55.540966
3 22 61.562465
80 33 30.889559
49 54 7.771963
57 52 47.419599
24 11 1.345571
17 46 50.295902
83 73 69.506864
5 35 80.248659
97 92 91.509593
24 92 91.331243
97 96 1.615438
79 63 17.552316
88 82 94.390440
27 36 74.569697
45 98 8.968316
2 14 72.775302
6 77 19.409827
63 64 24.259389
20 46 51.044411
23 21 62.887310
11 92 57.692765
99 62 74.486311
5 23 33.728997
47 63 99.266839
4 78 96.693776
54 68 90.833656
86 20 69.647742
38 34 57.810613
35 25 77.809391
44 27 77.254865
95 54 55.939721
29 96 8.103499
99 18 3.543008
99 26 96.291469
34 21 16.353204
96 6 4.624877
10 38 84.069075
42 20 11.838864
32 12 12.094326
97 24 38.404860
26 38 65.880470
95 84 8.312853
94 66 31.029908
2 65 75.181366
28 67 86.657364
64 62 36.004226
72 43 75.080441
5 59 86.618416
21 37 40.529116
53 23 10.672435
67 36 40.567664
53 90 83.642645
42 99 23.816239
72 97 1.319852
3 59 9.271854
44 13 80.355078
22 30 70.808087
63 2 15.107350
78 23 31.207142
45 82 25.472906
29 1 33.819302
87 40 29.352945
14 77 39.702248
52 96 14.010571
5 16 75.690090
88 2 99.994838
66 80 90.085537
41 75 30.188797
80 1 51.776849
83 95 38.436994
74 46 96.292707
81 38 24.423541
24 9 64.414036
8 53 53.626474
44 97 31.917351
87 50 87.967414
13 36 41.649325
29 76 92.672261
93 73 56.130468
2 71 9.810236
7 9 27.216700
64 78 96.880997
96 30 63.954793
89 91 47.804177
55 79 80.099660
15 94 40.576171
0 36 69.715658
58 81 9.344483
95 10 74.833391
21 22 99.610507
8 7 81.547020
50 27 54.509554
88 14 50.128337
64 18 42.398551
31 89 48.639351
46 15 22.452716
3 42 81.557071
13 1 59.745400
33 39 81.240154
78 24 55.007727
86 35 34.717482
98 22 72.283828
80 43 72.730005
94 20 39.114941
1 79 63.055823
81 99 75.964812
32 41 50.937001
73 16 43.086114
68 58 47.065071
24 16 21.099130
7 67 88.022294
7 63 84.831231
90 50 95.371858
9 10 73.217798
53 39 13.735090
31 53 66.022870
91 41 53.040450
31 92 95.887968
79 98 1.031877
6 19 91.177071
11 15 24.658411
11 99 60.604838
72 80 87.984082
90 71 63.938879
53 63 53.940370
36 4 54.525120
14 58 90.275047
99 59 90.592469
24 19 3.931042
21 65 26.621213
85 91 38.920158
35 58 54.091616
9 82 33.429301
36 32 6.882225
21 90 89.561431
99 58 25.069588
3 16 63.430853
76 14 71.187697
86 92 17.834254
62 55 42.602406
42 55 33.136307
56 83 33.962406
97 94 13.904890
82 46 95.918891
38 46 65.960905
51 8 63.485096
43 3 83.564803
67 31 21.558926
45 27 78.280128
0 84 11.316552
83 14 16.448252
39 32 28.232125
60 29 77.673792
82 60 58.536294
54 44 75.194598
17 66 68.852787
40 65 27.380233
56 67 12.662682
22 91 79.313543
67 79 38.559594
80 35 29.232587
75 40 98.340233
22 94 25.411595
1 80 98.080501
81 50 27.936403
94 43 26.653665
17 52 92.668203
52 72 90.547825
60 5 59.610506
0 32 20.769958
21 68 60.761342
49 71 15.968515
22 98 92.822483
32 63 16.096683
38 95 90.891875
63 51 58.408042
31 46 44.417850
11 71 67.059310
64 66 36.369350
29 18 26.768699
51 65 56.076701
85 20 24.606129
56 43 37.607210
7 21 11.102877
28 5 70.212824
7 54 41.365616
18 20 97.381013
90 10 99.014023
86 53 3.007499
29 46 61.014886
85 31 14.342895
0 65 99.656522
48 2 69.418692
54 79 22.284723
51 31 22.087880
47 92 53.152743
38 14 63.064600
56 41 67.508109
46 75 90.114745
43 28 92.714467
65 23 41.251310
9 72 67.180015
19 15 43.458852
30 83 82.849282
46 33 72.592718
35 2 47.035669
50 16 92.771524
76 21 59.937765
85 50 99.980234
43 15 18.952509
15 72 52.578083
54 60 89.443780
85 57 84.783765
64 90 67.996933
50 49 96.858838
63 23 55.913096
83 47 61.039582
96 51 7.442669
44 5 74.492130
68 4 27.541485
15 90 55.974519
41 78 40.791611
36 94 20.826473
87 22 92.050407
65 58 93.940371
32 93 29.296554
74 68 75.614405
31 52 68.517158
57 74 51.842154
50 28 65.342048
70 19 61.859159
81 67 62.054590
54 89 27.729700
73 35 63.311080
10 46 89.301314
91 36 3.986453
99 42 9.569135
29 58 40.504859
33 3 69.598839
59 41 98.902202
52 40 92.796371
55 93 0.442247
3 77 18.988411
7 60 71.897239
59 33 65.805282
45 34 79.195289
45 86 29.415264
90 14 73.411321
10 68 18.767617
50 3 90.315162
33 16 1.840099
7 45 5.168327
15 8 43.060039
21 60 7.499175
72 52 64.941760
85 17 60.595228
73 13 4.941726
55 84 39.841144
93 27 66.234026
30 13 65.279308
89 23 9.191539
2 28 61.155784
45 47 3.021370
55 30 25.298322
26 84 89.589638
22 83 28.022349
54 95 76.866478
36 68 75.385055
37 81 58.277847
62 62 73.012775
76 23 69.574238
85 41 59.809297
39 33 37.017884
44 39 64.133482
66 71 14.592677
54 48 4.464684
9 79 57.310619
66 54 21.267064
11 56 97.591067
2 94 50.835804
25 32 55.705768
44 79 99.529923
91 2 32.920725
39 95 63.577545
24 23 93.821444
5 82 47.188710
53 19 20.715597
70 14 95.431634
78 33 85.054830
19 81 30.182613
24 61 9.804009
95 27 47.679545
93 49 28.422618
14 47 83.043668
44 83 56.075558
28 75 1.081306
48 99 71.671774
71 3 9.767848
34 5 93.743775
52 50 31.317516
49 20 23.363581
66 55 83.874908
79 24 68.923954
38 72 35.059373
25 87 99.320283
73 77 99.870239
76 20 11.820473
51 4 95.303539
35 43 67.573461
89 77 69.308053
42 63 59.062733
70 53 39.648331
61 72 68.121968
3 46 16.634914
19 87 87.351209
60 22 46.818849
94 88 84.474079
45 19 13.746456
61 89 93.443207
40 22 24.766264
93 25 75.986328
15 35 58.057745
10 41 10.451301
81 87 26.705060
19 59 83.201058
65 96 93.846391
82 23 30.923877
24 58 56.146965
47 21 19.573948
6 11 13.676243
33 60 15.677822
18 4 51.183377
98 7 80.971490
93 8 51.314601
98 16 43.952231
94 99 5.109898
62 91 42.357772
74 8 13.379636
23 1 44.427944
19 14 82.859475
54 94 32.260763
91 16 63.229832
68 55 68.836463
88 79 57.952558
55 25 83.101060
77 21 70.911078
27 2 59.348327
45 1 93.929111
99 81 44.404417
31 28 39.430240
64 63 86.242881
21 17 34.161367
92 31 75.757793
48 32 0.312658
80 88 95.544827
43 94 18.094275
40 11 65.300119
33 59 38.077982
82 83 16.088168
94 24 82.907793
69 6 31.774042
76 33 56.931793
55 78 50.989331
43 0 0.594251
66 59 14.593204
16 62 16.424336
89 54 7.624343
45 62 17.420709
50 47 70.292624
12 72 48.002080
48 91 95.327466
32 44 8.474673
0 72 0.547533
88 70 24.675261
84 62 93.876345
63 86 72.388189
53 49 21.990267
30 89 39.221559
59 96 76.092000
55 87 90.060032
83 72 78.694431
7 26 93.183072
60 10 25.818321
51 89 47.266332
80 98 65.836255
46 73 2.706695
60 87 45.051900
6 17 23.708908
70 89 86.352533
15 10 25.013812
36 10 30.505634
85 27 90.783049
91 61 65.219891
81 72 70.170346
49 92 64.016709
41 6 88.045856
2 47 0.233070
95 74 26.089213
6 13 54.277959
12 40 0.594185
30 21 42.501683
76 37 48.016110
94 3 2.507789
65 99 76.666692
64 8 83.271427
25 34 60.327509
27 56 16.404081
93 13 88.362854
50 85 62.516446
17 67 62.746343
46 53 51.797252
69 29 44.624482
35 36 10.536826
94 93 21.165683
2 79 56.948092
71 28 23.507801
41 86 9.925761
10 78 35.375982
30 85 82.179200
32 10 14.109589
0 49 72.011651
52 59 71.681103
1 21 87.458938
66 21 64.944425
16 94 99.585498
76 25 58.237448
62 40 88.155466
73 21 52.604095
18 86 50.274404
36 74 98.213566
6 73 59.685752
81 66 65.694154
39 24 28.311984
15 98 67.168616
80 21 82.742580
47 46 32.617565
