5
-0.3100 -0.5875 -0.2613
-0.0219 -0.0135 -0.3328
-0.2444 -0.0498 -0.2166
-0.7651 -0.2117 -0.4065
-0.2668 -0.5735 -0.1709
-0.7671 -0.8674 -0.0402
-0.4351 -0.8727 -0.1229
-0.5095 -0.0492 -0.5146
-0.8253 -0.7221 -0.2243
-0.6875 -0.8403 -0.8492
-0.8268 -0.1105 -0.9500
-0.6544 -0.4913 -0.3821
-0.5232 -0.3153 -0.2152
-0.2622 -0.7669 -0.2098
-0.3943 -0.2263 -0.8779
-0.0853 -0.8112 -0.3559
-0.9042 -0.4316 -0.3821
-0.7563 -0.6008 -0.0971
-0.8794 -0.0582 -0.4912
-0.2288 -0.8066 -0.6553
-0.8510 -0.9527 -0.1821
-0.7744 -0.3167 -0.6645
-0.8797 -0.1117 -0.7345
-0.9028 -0.6433 -0.9654
-0.0768 -0.1009 -0.6749
-0.1293 -0.3322 -0.9219
-0.4461 -0.3055 -0.7645
-0.6107 -0.8193 -0.4150
-0.4519 -0.6355 -0.8062
-0.0394 -0.0527 -0.7905
-0.2106 -0.5313 -0.6880
-0.6044 -0.8536 -0.6603
-0.2179 -0.5640 -0.6869
-0.9461 -0.4141 -0.7403
-0.0171 -0.1542 -0.7109
-0.5244 -0.2966 -0.9143
-0.5299 -0.3946 -0.7442
-0.8342 -0.9441 -0.4560
-0.3030 -0.5845 -0.9091
-0.7287 -0.5559 -0.2863
-0.9078 -0.8717 -0.3809
-0.9195 -0.5087 -0.3572
-0.0644 -0.7183 -0.1904
-0.5116 -0.8418 -0.8523
-0.4726 -0.0764 -0.9347
-0.0743 -0.0453 -0.3847
-0.2400 -0.0650 -0.0183
-0.3440 -0.7723 -0.0672
-0.3876 -0.5453 -0.1339
-0.1301 -0.3447 -0.0627
-0.1775 -0.3791 -0.3774
-0.1197 -0.0496 -0.1437
-0.0757 -0.6866 -0.5961
-0.3548 -0.4161 -0.4306
-0.1457 -0.5773 -0.1090
-0.7855 -0.4002 -0.5185
-0.5756 -0.4675 -0.3576
-0.7944 -0.9288 -0.4928
-0.7826 -0.2513 -0.8219
-0.8375 -0.6138 -0.9366
-0.3029 -0.3859 -0.9361
-0.6634 -0.6568 -0.5902
-0.2202 -0.7051 -0.6776
-0.8479 -0.7861 -0.8099
-0.0355 -0.0626 -0.6598
-0.1681 -0.8386 -0.0137
-0.8427 -0.3990 -0.1113
-0.0540 -0.2185 -0.5172
-0.8037 -0.9199 -0.6793
-0.9280 -0.8106 -0.5979
-0.7434 -0.3152 -0.3766
-0.2567 -0.1957 -0.1728
-0.9475 -0.2983 -0.7505
-0.6541 -0.2293 -0.8944
-0.5553 -0.2375 -0.4200
-0.6902 -0.8210 -0.8778
-0.5942 -0.1132 -0.3364
-0.7317 -0.1534 -0.0325
-0.1349 -0.9625 -0.0750
-0.8356 -0.0719 -0.1571
-0.8663 -0.8727 -0.8766
-0.2207 -0.8045 -0.5972
-0.4888 -0.3028 -0.9106
-0.4745 -0.0864 -0.4124
-0.2809 -0.0707 -0.3433
-0.6516 -0.7444 -0.7736
-0.4823 -0.0573 -0.7616
-0.8048 -0.3807 -0.6595
-0.1010 -0.5903 -0.8945
-0.0648 -0.3883 -0.7710
-0.3721 -0.2924 -0.4557
-0.2626 -0.8393 -0.6936
-0.7378 -0.1406 -0.0544
-0.1064 -0.4684 -0.6178
-0.1403 -0.2690 -0.0396
-0.3141 -0.5690 -0.3084
-0.7468 -0.1205 -0.3353
-0.2295 -0.2606 -0.2546
-0.6112 -0.1868 -0.7320
-0.5512 -0.8842 -0.3230
-0.6756 -0.4551 -0.4160
-0.1703 -0.8966 -0.8182
-0.4303 -0.2797 -0.9445
-0.6835 -0.1223 -0.4921
-0.6465 -0.5038 -0.1732
-0.7959 -0.1343 -0.0423
-0.8623 -0.2290 -0.4652
-0.6429 -0.1379 -0.8899
-0.5616 -0.6067 -0.1126
-0.5591 -0.0258 -0.7314
-0.4285 -0.1208 -0.0520
-0.8922 -0.7898 -0.8638
-0.3382 -0.2041 -0.0230
-0.1461 -0.5199 -0.8457
-0.6038 -0.8116 -0.5985
-0.7371 -0.9633 -0.7014
-0.0625 -0.5850 -0.7966
-0.5997 -0.9521 -0.9025
-0.0939 -0.0357 -0.8159
-0.9490 -0.8966 -0.2743
-0.0354 -0.1378 -0.5856
-0.1257 -0.4924 -0.3709
-0.6811 -0.8121 -0.1748
-0.3081 -0.5547 -0.0393
-0.8250 -0.6464 -0.3401
-0.3380 -0.1485 -0.5846
-0.3727 -0.4455 -0.4513
-0.0179 -0.7914 -0.3051
-0.0089 -0.4181 -0.6941
-0.3123 -0.3762 -0.2359
-0.1632 -0.0008 -0.4012
-0.7051 -0.3054 -0.6523
-0.5797 -0.9602 -0.7383
-0.4402 -0.0273 -0.2692
-0.8593 -0.8975 -0.4605
-0.2136 -0.3864 -0.2045
-0.6950 -0.0779 -0.6819
-0.3415 -0.5171 -0.5947
-0.7164 -0.2211 -0.4993
-0.6950 -0.6747 -0.5468
-0.3554 -0.1492 -0.6031
-0.2145 -0.1778 -0.2348
-0.6305 -0.7403 -0.7704
-0.6873 -0.8254 -0.4095
-0.3516 -0.6591 -0.7081
-0.7905 -0.6669 -0.1035
-0.1104 -0.5048 -0.2591
-0.0273 -0.7343 -0.2759
-0.1228 -0.8651 -0.4661
-0.7284 -0.5322 -0.3808
-0.3694 -0.7208 -0.2138
-0.6203 -0.4818 -0.8360
-0.8231 -0.9169 -0.4372
-0.5460 -0.2570 -0.6624
-0.7528 -0.7115 -0.0371
-0.3450 -0.8134 -0.7746
-0.1894 -0.4563 -0.2099
-0.6230 -0.8235 -0.9389
-0.4706 -0.2081 -0.1885
-0.6267 -0.8872 -0.8465
-0.7735 -0.8067 -0.2220
-0.7702 -0.9107 -0.9051
-0.2376 -0.6858 -0.9679
-0.1582 -0.4830 -0.4080
-0.8490 -0.8170 -0.9238
-0.9424 -0.8775 -0.7626
-0.3589 -0.0520 -0.7478
-0.2761 -0.7955 -0.8792
-0.3130 -0.7852 -0.6217
-0.3716 -0.8243 -0.3802
-0.5577 -0.6416 -0.5997
-0.0190 -0.4076 -0.5612
-0.1812 -0.4058 -0.2753
-0.2680 -0.9245 -0.7742
-0.5908 -0.7065 -0.7376
-0.8071 -0.6561 -0.4830
-0.6712 -0.7616 -0.1136
-0.8245 -0.2238 -0.7861
-0.2035 -0.7675 -0.1572
-0.1309 -0.8083 -0.8601
-0.2237 -0.8990 -0.9509
-0.6953 -0.0607 -0.0102
-0.5238 -0.6571 -0.4342
-0.7617 -0.9650 -0.9549
-0.0378 -0.6777 -0.6022
-0.6217 -0.2022 -0.5141
-0.6264 -0.8842 -0.9173
-0.5062 -0.8735 -0.5964
-0.4192 -0.6165 -0.4136
-0.8906 -0.6387 -0.5588
-0.9360 -0.0676 -0.3306
-0.0360 -0.9137 -0.5456
-0.1972 -0.8388 -0.5317
-0.3192 -0.4939 -0.7303
-0.2114 -0.3661 -0.6698
-0.1363 -0.7724 -0.5006
-0.9288 -0.0506 -0.7261
-0.4625 -0.0690 -0.9159
-0.5407 -0.4678 -0.5995
-0.2132 -0.4599 -0.8009
-0.6531 -0.8523 -0.6282
-0.3635 -0.8587 -0.1732
-0.9584 -0.0871 -0.3171
-0.9272 -0.7665 -0.2337
-0.5241 -0.3274 -0.8377
-0.8062 -0.9609 -0.3194
-0.8286 -0.1060 -0.3448
-0.6441 -0.8255 -0.2784
-0.1690 -0.1284 -0.6875
-0.1574 -0.1277 -0.7230
-0.6526 -0.8039 -0.8133
-0.6668 -0.0505 -0.9365
-0.5835 -0.7905 -0.1525
-0.7116 -0.2575 -0.0875
-0.7884 -0.2609 -0.5046
-0.3389 -0.8095 -0.1218
-0.2073 -0.3793 -0.9237
-0.5866 -0.6796 -0.2288
-0.6815 -0.6403 -0.4761
-0.3291 -0.6126 -0.9286
-0.1763 -0.5778 -0.8097
-0.0969 -0.4371 -0.9209
-0.0172 -0.6773 -0.7338
-0.6998 -0.1410 -0.7946
-0.8789 -0.1699 -0.4028
-0.6399 -0.1270 -0.9265
-0.3197 -0.9370 -0.3279
-0.2629 -0.2000 -0.8246
-0.5383 -0.6616 -0.0408
-0.2325 -0.7148 -0.1901
-0.8067 -0.4109 -0.2730
-0.0273 -0.5936 -0.2405
-0.8947 -0.4111 -0.2823
-0.3272 -0.5072 -0.0987
-0.3849 -0.3791 -0.6730
-0.4274 -0.3390 -0.2571
-0.9328 -0.7014 -0.8530
-0.1901 -0.4062 -0.9675
-0.8291 -0.8425 -0.0452
-0.7083 -0.1152 -0.0742
-0.6739 -0.4801 -0.5427
-0.8728 -0.6712 -0.3233
-0.7480 -0.2201 -0.7880
-0.2761 -0.2650 -0.5392
-0.6912 -0.9013 -0.8573
-0.4400 -0.6725 -0.5923
-0.7174 -0.3371 -0.3883
-0.9542 -0.1795 -0.4995
-0.0745 -0.0240 -0.7692
-0.4645 -0.5435 -0.0424
-0.7962 -0.9258 -0.8059
-0.7737 -0.5632 -0.5433
-0.4476 -0.2601 -0.5343
-0.8371 -0.2349 -0.3053
-0.1200 -0.8943 -0.0214
-0.2846 -0.5446 -0.4963
-0.2687 -0.5792 -0.8561
-0.4317 -0.3794 -0.1554
-0.1675 -0.2805 -0.5340
-0.6498 -0.9139 -0.1305
-0.3577 -0.8010 -0.7168
-0.9482 -0.3417 -0.7925
-0.5550 -0.1742 -0.5008
-0.0671 -0.7077 -0.3461
-0.3866 -0.0702 -0.0421
-0.0137 -0.7252 -0.6751
-0.9205 -0.6455 -0.3715
-0.5899 -0.6966 -0.5144
-0.3689 -0.3325 -0.0413
-0.9629 -0.4957 -0.4779
-0.3455 -0.9322 -0.7890
-0.9651 -0.8923 -0.4954
-0.5638 -0.9246 -0.4968
-0.2317 -0.0878 -0.6630
-0.0237 -0.7127 -0.5938
-0.3230 -0.4107 -0.7937
-0.5742 -0.6902 -0.2162
-0.7656 -0.0266 -0.3485
-0.7344 -0.9179 -0.2252
-0.2261 -0.2621 -0.8445
-0.6095 -0.8222 -0.4721
-0.5666 -0.0224 -0.4985
-0.9231 -0.7435 -0.7794
-0.8756 -0.5819 -0.3161
-0.5454 -0.7762 -0.5486
-0.4073 -0.3684 -0.7175
-0.5907 -0.7773 -0.1293
-0.4803 -0.3937 -0.8487
-0.3344 -0.7812 -0.3065
-0.2977 -0.7215 -0.5420
-0.1078 -0.2266 -0.0329
-0.4421 -0.0355 -0.5671
-0.9116 -0.3424 -0.2023
-0.7018 -0.5518 -0.8570
-0.6230 -0.2627 -0.1020
-0.8840 -0.5433 -0.5608
-0.3151 -0.5847 -0.5157
-0.1664 -0.8835 -0.8686
-0.0040 -0.3096 -0.6574
-0.7787 -0.0244 -0.6384
-0.1343 -0.0541 -0.2845
-0.2188 -0.3335 -0.1949
-0.2063 -0.0312 -0.2479
-0.4171 -0.7032 -0.8318
-0.4356 -0.8056 -0.0084
-0.1452 -0.0658 -0.2608
-0.9662 -0.7629 -0.7949
-0.8413 -0.9645 -0.0337
-0.0861 -0.1579 -0.6425
-0.2415 -0.1648 -0.7921
-0.3175 -0.1276 -0.6033
-0.4248 -0.2068 -0.9417
-0.5704 -0.9686 -0.2026
-0.6131 -0.0401 -0.6447
-0.7129 -0.4824 -0.0464
-0.6071 -0.0164 -0.2819
-0.4212 -0.4277 -0.3755
-0.0385 -0.8685 -0.2894
-0.2942 -0.3427 -0.7324
-0.1694 -0.8531 -0.7760
-0.7589 -0.2940 -0.4486
-0.8424 -0.1163 -0.6872
-0.3373 -0.6408 -0.9550
-0.6918 -0.2418 -0.6910
-0.3557 -0.5695 -0.4057
-0.5267 -0.0922 -0.6323
-0.3611 -0.1467 -0.0039
-0.5619 -0.3093 -0.3641
-0.1428 -0.5762 -0.2107
-0.2777 -0.8399 -0.5363
-0.5702 -0.9033 -0.9581
-0.5630 -0.5257 -0.5035
-0.1493 -0.1435 -0.2964
-0.6259 -0.5487 -0.7721
-0.2267 -0.0616 -0.5209
-0.1440 -0.3643 -0.3080
-0.7113 -0.7549 -0.6224
-0.1887 -0.4451 -0.4204
-0.0580 -0.2215 -0.4125
-0.0490 -0.2678 -0.4952
-0.1855 -0.5587 -0.0179
-0.0348 -0.7058 -0.7691
-0.0116 -0.3222 -0.0775
-0.3870 -0.7322 -0.2572
-0.5769 -0.1075 -0.5524
-0.6056 -0.6325 -0.1266
-0.4826 -0.1375 -0.4947
-0.3984 -0.9303 -0.6941
-0.8112 -0.6561 -0.3460
-0.3924 -0.0102 -0.5700
-0.1549 -0.7404 -0.5351
-0.1791 -0.7258 -0.7342
-0.2546 -0.5554 -0.1759
-0.3327 -0.7383 -0.9029
-0.8680 -0.1500 -0.3326
-0.7965 -0.0820 -0.1310
-0.5544 -0.4475 -0.8990
-0.7219 -0.0117 -0.1089
-0.4666 -0.5287 -0.2784
-0.3182 -0.3397 -0.7156
-0.4899 -0.2648 -0.6607
-0.4443 -0.2855 -0.1165
-0.8675 -0.0437 -0.1134
-0.5789 -0.9659 -0.4480
-0.1747 -0.8632 -0.4895
-0.5973 -0.6071 -0.1550
-0.3224 -0.0650 -0.5003
-0.9015 -0.7719 -0.8064
-0.8045 -0.7635 -0.0656
-0.8450 -0.3855 -0.4365
-0.9540 -0.7291 -0.2207
-0.7878 -0.4637 -0.0097
-0.5648 -0.3417 -0.4524
-0.4697 -0.6462 -0.8621
-0.0565 -0.5923 -0.0596
-0.6940 -0.9649 -0.1168
-0.1837 -0.8021 -0.8648
-0.5911 -0.3465 -0.4257
-0.6334 -0.8384 -0.0437
-0.6911 -0.4967 -0.3874
-0.7286 -0.1537 -0.1732
-0.6883 -0.4560 -0.8993
-0.4872 -0.3273 -0.7932
-0.6598 -0.4139 -0.6135
-0.7663 -0.4000 -0.4952
-0.2474 -0.2790 -0.4209
-0.8477 -0.4483 -0.4475
-0.1643 -0.6320 -0.9017
-0.1345 -0.5255 -0.5554
-0.3916 -0.0584 -0.2254
-0.2111 -0.6608 -0.4096
-0.3888 -0.8394 -0.8201
-0.4931 -0.1297 -0.7452
-0.6460 -0.0094 -0.6845
-0.7367 -0.8714 -0.1416
-0.1983 -0.0944 -0.8562
-0.7069 -0.7628 -0.6394
-0.6251 -0.8361 -0.4802
-0.5431 -0.8499 -0.2489
-0.5194 -0.3428 -0.7934
-0.7745 -0.0769 -0.8801
-0.4502 -0.5220 -0.3793
-0.0880 -0.9283 -0.1237
-0.1401 -0.4344 -0.9265
-0.2552 -0.9184 -0.6673
-0.3820 -0.6832 -0.7595
-0.1157 -0.2022 -0.7670
-0.1595 -0.6665 -0.8846
-0.2086 -0.5489 -0.1893
-0.9529 -0.6965 -0.1374
-0.9003 -0.2138 -0.9195
-0.0414 -0.9267 -0.7420
-0.3832 -0.4395 -0.2875
-0.4941 -0.1618 -0.4595
-0.2566 -0.7085 -0.7822
-0.8927 -0.2842 -0.8876
-0.7533 -0.8778 -0.3537
-0.0485 -0.6722 -0.9456
-0.9374 -0.9577 -0.8261
-0.8970 -0.3935 -0.2473
-0.8905 -0.6978 -0.7202
-0.8903 -0.8113 -0.6596
-0.8283 -0.9614 -0.7352
-0.1832 -0.0745 -0.7164
-0.5050 -0.5863 -0.5816
-0.8367 -0.7629 -0.4188
-0.6527 -0.7792 -0.8725
-0.6572 -0.7947 -0.0696
-0.5208 -0.1857 -0.4679
-0.9105 -0.7304 -0.0701
-0.0790 -0.5116 -0.4760
-0.5368 -0.3743 -0.6590
-0.5549 -0.1279 -0.5519
-0.4065 -0.1322 -0.4049
-0.4324 -0.0352 -0.1759
-0.2296 -0.2643 -0.6237
-0.1014 -0.8908 -0.9043
-0.3932 -0.5390 -0.6178
-0.5342 -0.0573 -0.5351
-0.2379 -0.4372 -0.2819
-0.0454 -0.7128 -0.4933
-0.8389 -0.7157 -0.7796
-0.2953 -0.9380 -0.7216
-0.5980 -0.2951 -0.2549
-0.7135 -0.5975 -0.7340
-0.4135 -0.8517 -0.2653
-0.0308 -0.7501 -0.6049
-0.4630 -0.1849 -0.8399
-0.6628 -0.0632 -0.9067
-0.0145 -0.4204 -0.3827
-0.7974 -0.4788 -0.4875
-0.8566 -0.9538 -0.8367
-0.7284 -0.6136 -0.8796
-0.5782 -0.4649 -0.5919
-0.7417 -0.8256 -0.8793
-0.9192 -0.8850 -0.3893
-0.5598 -0.8493 -0.6684
-0.2803 -0.1749 -0.4967
-0.4246 -0.7384 -0.3040
-0.9515 -0.8080 -0.7969
-0.5323 -0.5345 -0.1322
-0.3709 -0.1466 -0.8698
-0.0637 -0.9360 -0.6674
-0.8909 -0.1029 -0.2720
-0.5819 -0.4248 -0.7311
-0.4021 -0.4167 -0.2870
-0.6731 -0.5315 -0.0648
-0.1970 -0.5573 -0.7826
-0.0189 -0.8449 -0.6975
-0.7517 -0.8661 -0.2118
-0.9663 -0.2595 -0.3182
-0.1500 -0.5348 -0.1438
-0.1483 -0.3004 -0.0246
-0.1454 -0.8358 -0.2221
-0.5131 -0.8767 -0.7900
-0.8019 -0.3917 -0.4848
-0.5744 -0.3816 -0.1027
-0.5108 -0.7927 -0.6027
-0.0848 -0.2022 -0.7822
-0.3898 -0.7208 -0.4511
-0.8985 -0.0128 -0.0532
-0.7520 -0.0076 -0.7788
-0.0425 -0.2585 -0.5563
-0.7988 -0.3551 -0.6740
-0.6565 -0.1227 -0.9137
-0.4434 -0.3870 -0.1683
-0.3805 -0.8570 -0.0351
-0.6149 -0.2208 -0.3119
-0.2980 -0.0110 -0.5773
-0.4639 -0.1182 -0.8249
-0.9557 -0.3496 -0.7173
-0.7890 -0.4361 -0.0145
-0.6579 -0.4546 -0.6787
-0.0329 -0.6268 -0.7509
-0.6594 -0.7911 -0.9354
-0.6487 -0.5986 -0.9337
-0.3233 -0.1051 -0.4494
-0.9483 -0.1958 -0.0785
-0.1107 -0.7445 -0.8893
-0.0836 -0.6353 -0.7740
-0.4336 -0.8352 -0.8654
-0.1924 -0.3624 -0.1856
-0.3232 -0.6149 -0.2957
-0.6947 -0.3183 -0.8596
-0.2527 -0.4368 -0.0080
-0.6394 -0.9000 -0.8303
-0.6817 -0.3801 -0.9031
-0.6052 -0.6315 -0.3138
-0.0498 -0.5540 -0.1495
-0.2717 -0.7704 -0.6127
-0.1336 -0.8245 -0.7130
-0.0918 -0.4336 -0.1465
-0.0683 -0.3058 -0.8427
-0.7231 -0.8360 -0.7912
-0.4330 -0.7079 -0.7082
-0.3634 -0.3029 -0.3176
-0.5729 -0.5157 -0.5722
-0.8675 -0.7623 -0.9028
-0.0188 -0.4617 -0.2357
-0.7610 -0.1544 -0.3395
-0.2906 -0.9684 -0.0879
-0.4897 -0.7209 -0.3558
-0.0628 -0.9461 -0.2111
-0.4568 -0.1390 -0.1179
-0.4196 -0.5502 -0.7287
-0.8816 -0.5899 -0.9116
-0.3057 -0.1177 -0.1459
-0.4876 -0.4294 -0.1119
-0.1525 -0.4692 -0.7934
-0.8336 -0.2572 -0.4451
-0.0075 -0.5950 -0.3481
-0.9512 -0.8584 -0.0729
-0.1418 -0.8591 -0.3693
-0.5003 -0.1109 -0.2190
-0.2997 -0.0339 -0.5026
-0.1942 -0.0589 -0.4943
-0.3793 -0.1359 -0.1346
-0.2017 -0.9544 -0.1693
-0.4961 -0.4906 -0.3810
-0.5995 -0.5634 -0.8088
-0.2711 -0.5182 -0.6614
-0.0112 -0.5247 -0.4611
-0.9270 -0.4838 -0.6959
-0.2030 -0.4315 -0.1881
-0.0830 -0.4329 -0.4983
-0.2629 -0.9223 -0.2599
-0.2201 -0.1680 -0.8397
-0.8980 -0.0712 -0.7049
-0.3179 -0.6818 -0.5515
-0.4252 -0.6593 -0.2437
-0.9022 -0.8505 -0.1468
-0.6986 -0.8634 -0.7525
-0.3302 -0.4996 -0.3030
-0.8369 -0.2723 -0.0011
-0.6852 -0.8749 -0.8911
-0.3199 -0.2788 -0.0343
-0.9449 -0.3284 -0.0027
-0.5270 -0.6690 -0.1740
-0.7256 -0.4346 -0.1972
-0.7661 -0.8320 -0.9537
-0.6166 -0.9537 -0.0103
-0.8140 -0.0382 -0.6499
-0.4980 -0.6598 -0.4950
-0.3699 -0.8344 -0.5508
-0.4867 -0.7192 -0.7742
-0.0490 -0.7171 -0.6019
-0.4705 -0.7174 -0.2617
-0.3376 -0.9035 -0.7708
-0.7523 -0.9046 -0.2966
-0.2639 -0.8865 -0.1919
-0.1868 -0.9416 -0.2760
-0.3760 -0.3229 -0.8238
-0.6843 -0.2029 -0.6162
-0.1919 -0.0258 -0.9050
-0.0504 -0.4426 -0.8731
-0.8608 -0.3777 -0.7934
-0.3646 -0.8636 -0.8314
-0.6468 -0.0939 -0.5155
-0.3679 -0.2652 -0.1551
-0.8518 -0.5004 -0.0418
-0.3159 -0.8932 -0.9216
-0.5846 -0.6552 -0.1681
-0.2936 -0.2017 -0.1004
-0.4080 -0.6454 -0.4712
-0.9386 -0.3120 -0.1046
-0.2581 -0.2913 -0.3076
-0.2541 -0.9028 -0.0385
-0.8215 -0.1604 -0.6753
-0.1150 -0.4963 -0.0133
-0.7506 -0.1395 -0.5787
-0.9415 -0.0786 -0.5537
-0.6681 -0.3475 -0.6323
-0.6938 -0.4147 -0.9188
-0.2482 -0.8943 -0.9475
-0.5407 -0.2830 -0.8124
-0.0618 -0.1860 -0.0239
-0.8501 -0.9625 -0.8753
-0.1687 -0.1088 -0.2384
-0.2477 -0.1817 -0.6005
-0.1378 -0.1054 -0.8132
-0.6912 -0.4689 -0.1308
-0.1625 -0.1344 -0.7626
-0.6249 -0.2520 -0.2901
-0.7576 -0.8948 -0.3399
-0.2333 -0.8466 -0.2430
-0.7991 -0.8173 -0.5168
-0.6959 -0.9114 -0.8169
-0.5278 -0.2094 -0.3456
-0.9571 -0.2999 -0.6983
-0.8315 -0.1706 -0.7736
-0.7990 -0.4207 -0.4289
-0.4285 -0.9101 -0.0016
-0.8155 -0.0455 -0.0946
-0.5997 -0.4484 -0.7689
-0.0687 -0.7989 -0.0156
-0.8253 -0.5286 -0.6985
-0.2380 -0.1502 -0.3965
-0.0366 -0.1875 -0.3735
-0.8806 -0.4949 -0.6224
-0.0415 -0.1701 -0.4028
-0.2106 -0.6558 -0.3676
-0.2413 -0.2820 -0.4568
-0.0229 -0.7609 -0.5418
-0.1485 -0.3229 -0.9669
-0.0143 -0.7896 -0.0747
-0.2358 -0.3241 -0.7759
-0.7630 -0.0475 -0.0590
-0.7315 -0.6289 -0.7729
-0.1940 -0.0116 -0.6304
-0.9028 -0.2779 -0.0061
-0.9685 -0.4685 -0.3048
-0.9047 -0.7477 -0.7640
-0.7904 -0.9592 -0.2674
-0.2404 -0.0294 -0.2015
-0.6526 -0.4041 -0.4338
-0.0104 -0.9255 -0.6926
-0.7904 -0.4265 -0.3329
-0.6322 -0.5786 -0.3414
-0.8051 -0.7413 -0.7594
-0.9177 -0.2641 -0.1972
-0.7983 -0.8679 -0.1572
-0.5166 -0.7774 -0.1703
-0.3078 -0.9368 -0.8170
-0.6541 -0.2342 -0.5618
-0.3765 -0.4340 -0.5309
-0.0081 -0.5961 -0.3585
-0.0597 -0.9434 -0.5960
-0.4778 -0.4732 -0.8015
-0.9285 -0.8105 -0.2311
-0.7162 -0.5649 -0.4193
-0.4768 -0.2797 -0.9024
-0.4421 -0.4146 -0.5861
-0.4109 -0.4684 -0.7574
-0.0429 -0.5972 -0.0266
-0.4297 -0.8355 -0.2329
-0.2732 -0.3763 -0.2043
-0.5259 -0.9077 -0.5447
-0.8841 -0.3229 -0.7011
-0.5456 -0.1235 -0.6176
-0.8055 -0.6729 -0.0106
-0.9584 -0.4242 -0.3428
-0.8964 -0.0384 -0.8420
-0.2048 -0.0628 -0.0877
-0.3107 -0.4557 -0.7175
-0.6452 -0.2766 -0.7676
-0.2028 -0.0645 -0.0642
-0.1238 -0.4418 -0.0284
-0.4985 -0.2274 -0.1593
-0.5646 -0.6088 -0.3311
-0.4320 -0.1534 -0.6826
-0.3368 -0.6780 -0.7899
-0.4627 -0.8529 -0.0656
-0.8610 -0.0517 -0.8080
-0.7867 -0.3385 -0.7698
-0.2296 -0.5966 -0.4443
-0.7984 -0.6637 -0.4131
-0.3913 -0.1092 -0.4275
-0.8719 -0.7002 -0.7328
-0.3347 -0.3786 -0.3028
-0.2755 -0.7768 -0.9680
-0.9666 -0.1819 -0.1459
-0.1536 -0.6989 -0.5894
-0.2858 -0.6750 -0.0741
-0.5937 -0.8556 -0.7963
-0.5028 -0.0157 -0.0864
-0.7181 -0.0520 -0.8499
-0.2071 -0.2978 -0.4613
-0.3394 -0.3485 -0.8552
-0.2231 -0.6110 -0.0182
-0.9597 -0.2247 -0.0775
-0.4720 -0.8325 -0.8003
-0.3414 -0.2979 -0.5534
-0.1032 -0.5233 -0.2396
-0.8512 -0.3336 -0.4249
-0.3681 -0.3358 -0.3195
-0.1303 -0.5376 -0.1900
-0.4158 -0.6239 -0.0080
-0.3700 -0.9051 -0.3765
-0.5258 -0.2971 -0.4457
-0.9085 -0.5760 -0.9144
-0.2082 -0.4044 -0.6673
-0.6659 -0.4039 -0.0208
-0.6002 -0.3643 -0.7155
-0.5820 -0.0792 -0.7570
-0.3518 -0.9096 -0.2790
-0.3537 -0.7053 -0.8673
-0.8104 -0.9666 -0.9260
-0.6322 -0.6955 -0.0346
-0.5107 -0.6977 -0.2154
-0.3009 -0.2474 -0.0103
-0.6886 -0.8335 -0.8003
-0.1613 -0.3303 -0.5807
-0.0272 -0.6878 -0.5675
-0.1968 -0.2505 -0.8514
-0.7047 -0.9225 -0.7307
-0.2450 -0.3034 -0.0152
-0.5316 -0.8894 -0.4424
-0.9567 -0.8483 -0.7898
-0.4718 -0.6188 -0.6042
-0.9546 -0.4435 -0.0949
-0.8451 -0.8619 -0.1997
-0.1097 -0.9633 -0.2125
-0.1615 -0.6102 -0.1265
-0.3347 -0.2197 -0.6878
-0.1880 -0.6881 -0.2091
-0.3966 -0.5771 -0.2779
-0.8035 -0.4832 -0.5174
-0.1470 -0.2378 -0.6942
-0.1891 -0.3757 -0.8829
-0.4742 -0.1423 -0.2478
-0.9576 -0.4418 -0.8079
-0.3080 -0.3514 -0.6513
-0.2971 -0.3566 -0.8439
-0.7943 -0.5952 -0.8265
-0.6190 -0.6514 -0.4030
-0.3800 -0.8097 -0.9208
-0.6678 -0.5934 -0.4046
-0.6132 -0.3930 -0.8770
-0.3603 -0.2792 -0.3754
-0.2472 -0.6571 -0.1139
-0.4444 -0.7437 -0.2655
-0.2834 -0.6759 -0.5865
-0.4513 -0.7514 -0.1633
-0.8856 -0.1708 -0.1685
-0.6389 -0.7064 -0.8108
-0.0943 -0.7377 -0.5400
-0.0808 -0.3004 -0.9682
-0.2763 -0.7272 -0.2094
-0.2194 -0.9625 -0.2879
-0.6830 -0.3821 -0.5918
-0.5854 -0.6966 -0.0141
-0.8804 -0.5146 -0.8702
-0.8000 -0.7804 -0.5398
-0.1313 -0.1609 -0.5870
-0.0853 -0.3036 -0.3030
-0.3452 -0.7069 -0.9071
-0.5988 -0.8684 -0.1897
-0.4348 -0.8658 -0.3717
-0.2618 -0.5390 -0.0835
-0.5247 -0.8349 -0.6845
-0.1103 -0.0677 -0.5691
-0.0966 -0.1778 -0.2090
-0.2804 -0.7444 -0.2110
-0.5575 -0.2562 -0.9587
-0.4582 -0.0363 -0.4440
-0.9055 -0.8039 -0.1625
-0.9087 -0.7763 -0.0699
-0.2093 -0.8732 -0.2874
-0.4416 -0.0626 -0.9500
-0.6339 -0.5615 -0.4440
-0.5983 -0.9598 -0.7070
-0.5615 -0.3977 -0.6500
-0.8784 -0.4553 -0.1180
-0.0421 -0.7966 -0.6947
-0.3915 -0.0026 -0.3333
-0.2489 -0.3801 -0.5636
-0.6783 -0.0772 -0.4613
-0.3312 -0.0686 -0.8686
-0.3964 -0.0456 -0.2168
-0.8768 -0.4654 -0.3157
-0.4155 -0.7470 -0.4090
-0.7557 -0.1087 -0.9463
-0.6056 -0.9614 -0.8805
-0.0529 -0.2742 -0.5838
-0.7652 -0.3584 -0.5971
-0.7640 -0.1768 -0.8430
-0.1330 -0.5647 -0.4245
-0.9266 -0.1938 -0.7117
-0.6989 -0.9073 -0.8661
-0.7625 -0.0384 -0.3407
-0.1345 -0.6034 -0.2171
-0.7812 -0.6173 -0.3508
-0.4086 -0.8711 -0.2305
-0.4356 -0.2006 -0.6193
-0.8757 -0.3940 -0.4854
-0.7817 -0.6146 -0.0595
-0.4539 -0.8445 -0.2895
-0.8370 -0.6274 -0.8903
-0.1365 -0.2032 -0.2860
-0.7183 -0.9353 -0.3319
-0.3163 -0.8645 -0.1043
-0.3382 -0.4091 -0.4400
-0.6997 -0.9041 -0.7160
-0.8483 -0.4763 -0.3079
-0.8244 -0.7693 -0.8773
-0.4430 -0.7410 -0.5216
-0.8519 -0.6049 -0.3418
-0.5829 -0.3961 -0.8002
-0.2245 -0.1028 -0.5797
-0.1417 -0.4475 -0.5149
-0.7113 -0.0136 -0.4231
-0.1431 -0.8085 -0.1023
-0.0468 -0.0862 -0.8222
-0.2894 -0.7928 -0.3403
-0.0183 -0.3094 -0.5420
-0.8543 -0.3134 -0.5043
-0.7049 -0.1289 -0.7718
-0.7444 -0.3740 -0.1204
-0.4812 -0.0944 -0.6947
-0.5957 -0.8042 -0.2482
-0.5880 -0.8527 -0.4919
-0.3022 -0.6506 -0.0653
-0.7180 -0.1080 -0.6375
-0.7341 -0.0173 -0.5778
-0.1522 -0.7376 -0.2054
-0.3291 -0.5337 -0.3654
-0.5432 -0.9632 -0.3406
-0.0149 -0.8602 -0.5029
-0.9164 -0.0427 -0.7975
-0.9492 -0.9287 -0.2848
-0.3485 -0.9416 -0.7441
-0.9343 -0.0299 -0.2782
-0.7708 -0.2720 -0.6649
-0.1844 -0.1005 -0.4449
-0.9083 -0.0068 -0.1959
-0.2675 -0.8135 -0.4614
-0.2268 -0.7466 -0.6876
-0.0032 -0.5030 -0.8099
-0.6458 -0.5060 -0.7191
-0.2003 -0.1409 -0.4491
-0.0686 -0.4752 -0.8711
-0.9324 -0.7587 -0.1566
-0.3669 -0.9505 -0.2790
-0.0942 -0.4531 -0.1001
-0.1683 -0.7747 -0.5818
-0.8961 -0.1688 -0.3549
-0.8793 -0.8514 -0.5091
-0.6157 -0.3582 -0.4472
-0.7112 -0.3783 -0.4490
-0.3647 -0.0685 -0.1153
-0.7496 -0.6171 -0.5931
-0.7875 -0.3294 -0.1025
-0.2814 -0.6142 -0.9340
-0.8772 -0.0179 -0.5289
-0.7358 -0.4138 -0.0028
-0.3991 -0.5393 -0.5108
-0.1318 -0.0854 -0.6277
-0.0308 -0.1986 -0.0599
-0.7963 -0.3970 -0.8534
-0.8516 -0.0940 -0.4415
-0.3381 -0.5729 -0.4490
-0.1202 -0.1486 -0.3104
-0.9141 -0.7007 -0.5359
-0.3098 -0.2612 -0.1460
-0.0718 -0.0623 -0.6012
-0.6694 -0.1233 -0.9227
-0.4829 -0.5972 -0.6613
-0.4352 -0.8880 -0.0973
-0.8198 -0.2132 -0.3966
-0.2901 -0.1967 -0.4471
-0.1628 -0.7167 -0.0979
-0.6103 -0.1349 -0.5177
-0.9149 -0.9677 -0.4679
-0.9532 -0.6917 -0.9411
-0.4671 -0.7584 -0.4473
-0.2410 -0.1164 -0.8938
-0.0610 -0.3330 -0.9036
-0.3671 -0.2513 -0.1040
-0.3807 -0.6651 -0.6598
-0.6287 -0.4730 -0.4232
-0.3395 -0.2655 -0.8661
-0.5106 -0.2343 -0.3712
-0.9032 -0.5807 -0.3922
-0.3200 -0.5059 -0.6703
-0.6593 -0.7809 -0.2811
-0.2302 -0.0129 -0.5102
-0.4280 -0.7328 -0.5142
-0.1535 -0.2257 -0.5860
-0.0949 -0.2086 -0.9477
-0.5790 -0.4651 -0.7094
-0.8466 -0.2271 -0.6329
-0.0844 -0.9156 -0.2410
-0.4018 -0.8790 -0.7124
-0.5939 -0.0380 -0.2548
-0.7808 -0.7815 -0.0125
-0.9401 -0.1652 -0.7952
-0.3993 -0.2038 -0.1561
-0.0056 -0.4984 -0.9597
-0.6603 -0.1953 -0.4887
-0.4850 -0.6717 -0.6530
-0.9396 -0.2874 -0.5772
-0.0443 -0.3979 -0.3098
-0.7142 -0.9068 -0.9537
-0.0904 -0.6370 -0.6916
-0.6686 -0.8156 -0.4837
-0.4245 -0.7590 -0.1220
-0.5492 -0.5875 -0.8758
-0.7715 -0.3955 -0.5353
-0.9294 -0.0621 -0.4026
-0.8025 -0.8576 -0.2210
-0.4330 -0.0886 -0.6021
-0.4085 -0.5874 -0.7414
-0.7982 -0.4824 -0.8897
-0.4129 -0.3996 -0.8672
-0.2916 -0.1351 -0.9454
-0.0497 -0.3169 -0.2065
-0.5607 -0.4243 -0.2425
-0.2944 -0.7067 -0.0141
-0.6950 -0.9442 -0.2867
-0.6916 -0.3816 -0.9650
-0.6273 -0.7687 -0.0928
-0.2114 -0.1395 -0.9188
-0.6276 -0.1294 -0.2914
-0.9286 -0.5736 -0.8647
-0.3155 -0.5770 -0.5069
-0.4723 -0.5722 -0.4449
-0.0145 -0.3356 -0.5590
-0.3871 -0.8184 -0.7679
-0.7038 -0.3883 -0.6811
-0.5704 -0.3930 -0.3431
-0.9179 -0.3191 -0.8416
-0.5066 -0.5051 -0.3373
-0.3038 -0.8283 -0.6806
-0.1226 -0.7730 -0.4221
-0.0127 -0.6982 -0.8844
-0.7827 -0.2526 -0.6350
-0.7551 -0.9436 -0.3741
-0.3057 -0.9208 -0.8005
-0.3010 -0.7722 -0.0886
-0.8853 -0.1104 -0.0634
-0.3395 -0.8216 -0.2304
-0.9583 -0.1542 -0.0149
-0.8592 -0.5863 -0.3671
-0.5383 -0.6868 -0.3271
-0.7288 -0.9537 -0.2652
-0.3788 -0.3527 -0.5286
-0.1501 -0.4907 -0.8285
-0.5410 -0.4442 -0.8099
-0.7007 -0.0377 -0.5730
-0.1950 -0.6529 -0.3166
-0.2984 -0.0207 -0.5227
-0.0699 -0.1509 -0.8966
-0.0742 -0.1167 -0.6083
-0.5131 -0.7335 -0.8287
-0.4981 -0.4631 -0.4326
-0.1352 -0.3386 -0.3479
-0.9359 -0.5024 -0.0664
-0.1036 -0.8535 -0.5226
-0.0743 -0.5238 -0.4848
-0.6235 -0.8286 -0.9099
-0.9008 -0.1889 -0.7109
-0.0899 -0.6852 -0.2260
-0.9307 -0.7214 -0.6994
-0.4745 -0.6666 -0.1524
-0.5350 -0.9610 -0.6195
-0.9336 -0.3796 -0.3150
-0.6417 -0.5092 -0.2432
-0.1698 -0.3913 -0.8621
-0.8772 -0.5620 -0.8527
-0.0918 -0.2395 -0.4712
-0.0261 -0.4960 -0.4667
-0.3828 -0.7343 -0.0297
-0.9686 -0.1134 -0.1455
-0.6344 -0.3785 -0.4195
-0.5949 -0.6586 -0.2631
-0.0189 -0.4527 -0.1709
-0.1324 -0.4852 -0.6646
-0.0853 -0.8712 -0.8270
-0.1925 -0.9298 -0.6947
-0.0077 -0.1504 -0.7980
-0.2698 -0.9414 -0.9078
-0.1621 -0.3398 -0.1117
-0.2130 -0.9209 -0.3245
-0.7793 -0.2409 -0.5698
-0.7946 -0.0511 -0.8903
-0.8837 -0.0878 -0.5927
-0.3969 -0.8457 -0.1673
-0.4243 -0.2235 -0.1973
-0.1695 -0.9191 -0.2581
-0.7209 -0.2441 -0.8431
-0.7753 -0.0421 -0.7696
-0.3355 -0.5025 -0.4896
-0.4663 -0.5178 -0.0072
-0.7311 -0.7361 -0.5724
-0.3594 -0.1104 -0.6995
-0.5146 -0.5070 -0.2989
-0.5251 -0.3349 -0.3631
-0.5231 -0.7107 -0.6744
-0.5095 -0.1777 -0.1014
-0.4032 -0.8497 -0.7716
-0.7013 -0.7970 -0.8870
-0.7238 -0.6378 -0.9617
-0.5961 -0.4724 -0.2644
-0.2690 -0.3175 -0.5479
-0.0105 -0.0964 -0.0209
-0.5786 -0.4516 -0.7046
-0.2149 -0.4282 -0.5398
-0.0221 -0.6512 -0.7944
-0.3974 -0.7873 -0.2120
-0.8022 -0.8251 -0.4088
-0.2477 -0.7757 -0.8306
-0.7743 -0.9271 -0.1047
-0.3764 -0.1737 -0.0786
-0.0501 -0.2084 -0.7298
-0.0533 -0.4210 -0.6966
-0.7140 -0.8875 -0.4977
-0.8227 -0.5912 -0.8200
-0.6030 -0.7845 -0.4462
-0.0645 -0.0589 -0.5588
-0.7091 -0.5559 -0.4621
-0.2427 -0.9063 -0.8118
-0.1489 -0.5956 -0.3699
-0.7307 -0.5578 -0.0007
-0.1990 -0.2062 -0.3983
-0.2546 -0.4798 -0.4575
-0.0535 -0.3529 -0.2894
-0.6103 -0.3119 -0.1483
-0.1060 -0.1689 -0.1077
-0.9106 -0.1306 -0.7691
-0.7258 -0.5847 -0.3775
-0.0873 -0.3267 -0.4269
-0.8218 -0.8970 -0.4851
-0.9546 -0.1912 -0.6201
-0.7501 -0.7380 -0.0598
-0.0933 -0.9206 -0.8512
-0.8953 -0.3789 -0.1504
-0.2157 -0.4595 -0.7255
-0.5367 -0.5452 -0.5983
-0.0350 -0.9405 -0.9400
-0.1867 -0.6917 -0.5649
-0.6435 -0.1228 -0.6520
-0.9519 -0.5242 -0.4368
-0.6579 -0.5249 -0.1966
-0.0296 -0.4120 -0.8710
-0.6664 -0.0837 -0.9454
-0.7460 -0.1744 -0.2493
-0.1465 -0.5253 -0.3227
-0.8362 -0.4641 -0.5861
-0.3666 -0.2995 -0.0448
-0.7894 -0.0430 -0.8601
-0.4411 -0.4450 -0.8601
-0.6814 -0.7461 -0.8593
-0.3720 -0.3768 -0.3162
-0.1929 -0.2055 -0.0235
-0.8498 -0.6361 -0.1401
-0.1275 -0.5785 -0.1097
-0.3803 -0.3510 -0.2979
-0.7517 -0.7004 -0.8902
-0.1238 -0.8684 -0.8110
-0.6714 -0.9493 -0.0782
-0.9056 -0.2690 -0.6209
-0.8010 -0.5628 -0.8282
-0.5349 -0.1958 -0.2161
-0.3672 -0.7196 -0.6744
-0.3196 -0.5031 -0.6588
-0.8624 -0.7925 -0.6785
-0.2466 -0.6455 -0.3440
-0.8250 -0.6328 -0.2276
-0.3285 -0.4471 -0.8019
-0.5039 -0.3773 -0.0130
-0.4154 -0.8351 -0.1965
-0.9372 -0.2951 -0.1167
-0.9272 -0.6715 -0.6460
-0.6369 -0.1014 -0.7905
-0.9013 -0.4900 -0.1623
-0.3034 -0.0049 -0.3453
-0.6866 -0.3582 -0.8524
-0.4807 -0.0555 -0.8566
-0.4334 -0.4302 -0.8827
-0.3424 -0.4908 -0.7235
-0.9005 -0.2115 -0.2458
-0.1305 -0.7324 -0.2187
-0.3526 -0.3087 -0.9661
-0.8092 -0.2502 -0.4396
-0.5252 -0.0967 -0.5932
-0.6104 -0.8028 -0.3778
-0.7556 -0.8777 -0.4686
-0.5140 -0.8833 -0.5775
-0.5868 -0.7934 -0.6467
-0.1789 -0.3558 -0.0064
-0.7188 -0.5532 -0.9479
-0.2500 -0.6903 -0.2201
-0.5146 -0.1347 -0.0266
-0.4344 -0.6496 -0.9019
-0.0914 -0.5394 -0.2071
-0.6007 -0.1686 -0.0532
-0.3510 -0.4282 -0.3728
-0.4392 -0.0427 -0.3061
-0.8310 -0.7959 -0.0298
-0.6998 -0.9143 -0.4896
-0.0522 -0.9670 -0.0458
-0.5920 -0.2967 -0.7989
-0.0135 -0.1808 -0.3140
-0.0190 -0.3105 -0.6031
-0.9489 -0.3949 -0.4434
-0.3328 -0.8654 -0.2667
-0.8842 -0.2810 -0.0939
-0.4646 -0.1716 -0.0766
-0.4475 -0.7916 -0.6546
-0.5039 -0.8713 -0.0112
-0.0787 -0.6749 -0.5595
-0.0551 -0.9509 -0.3287
-0.0577 -0.2283 -0.6695
-0.3938 -0.6775 -0.0368
-0.3847 -0.2046 -0.3666
-0.9458 -0.3153 -0.6749
-0.9063 -0.3702 -0.4811
-0.7754 -0.0696 -0.5263
-0.5350 -0.2254 -0.9589
-0.8513 -0.4975 -0.2779
-0.3192 -0.0463 -0.2555
-0.1363 -0.3685 -0.0405
-0.0920 -0.6369 -0.8536
-0.3110 -0.9351 -0.4257
-0.6124 -0.5018 -0.5917
-0.0585 -0.8059 -0.9260
-0.7922 -0.5355 -0.1278
-0.9197 -0.2995 -0.4667
-0.2270 -0.6119 -0.6416
-0.8314 -0.2741 -0.5097
-0.6540 -0.4778 -0.8867
-0.4719 -0.2785 -0.2550
-0.1048 -0.0259 -0.1292
-0.7345 -0.1274 -0.6846
-0.1251 -0.1667 -0.5119
-0.5999 -0.8082 -0.2939
-0.6843 -0.2009 -0.1713
-0.0564 -0.2464 -0.3809
-0.5128 -0.7229 -0.9378
-0.0438 -0.3432 -0.4625
-0.4763 -0.1739 -0.8739
-0.4936 -0.5873 -0.8779
-0.6334 -0.2256 -0.1658
-0.3415 -0.4441 -0.6345
-0.8014 -0.9402 -0.3336
-0.8299 -0.0258 -0.7376
-0.1449 -0.7931 -0.7446
-0.9217 -0.6462 -0.2685
-0.5129 -0.8725 -0.4151
-0.6587 -0.7134 -0.4989
-0.1806 -0.8584 -0.2592
-0.3939 -0.5470 -0.5650
-0.3073 -0.0121 -0.9039
-0.6644 -0.5935 -0.2584
-0.9617 -0.2443 -0.8341
-0.5657 -0.5458 -0.6798
-0.2634 -0.4673 -0.2920
-0.0681 -0.4222 -0.3053
-0.9258 -0.4376 -0.4935
-0.4078 -0.0322 -0.6025
-0.7197 -0.8485 -0.0399
-0.5684 -0.6464 -0.3703
-0.3713 -0.6345 -0.4886
-0.2523 -0.8914 -0.1565
-0.4660 -0.8782 -0.5087
-0.2186 -0.6707 -0.2744
-0.8240 -0.6424 -0.1149
-0.6180 -0.4847 -0.2788
-0.8546 -0.4687 -0.1228
-0.3320 -0.2203 -0.0850
-0.2549 -0.3910 -0.3715
-0.8589 -0.1173 -0.8398
-0.8262 -0.8273 -0.6482
-0.1684 -0.9467 -0.9512
-0.7501 -0.5750 -0.2897
-0.0537 -0.2566 -0.7697
-0.6321 -0.9549 -0.8890
-0.1620 -0.1360 -0.7948
-0.9333 -0.7469 -0.8723
-0.9578 -0.3493 -0.5213
-0.3005 -0.0491 -0.2321
-0.0744 -0.9328 -0.9334
-0.0126 -0.9655 -0.3767
-0.6264 -0.9661 -0.2826
-0.5325 -0.2728 -0.2033
-0.8520 -0.7184 -0.5945
-0.1567 -0.1528 -0.1151
-0.0332 -0.9057 -0.2540
-0.0213 -0.4672 -0.8046
-0.1443 -0.4979 -0.0119
-0.9678 -0.3817 -0.8965
-0.0845 -0.5579 -0.3666
-0.2322 -0.4273 -0.8007
-0.8383 -0.4937 -0.0273
-0.4979 -0.8769 -0.9355
-0.7233 -0.8850 -0.5357
-0.3762 -0.0970 -0.2332
-0.7316 -0.7632 -0.4257
-0.5777 -0.7133 -0.1423
-0.7832 -0.7193 -0.1872
-0.4061 -0.3975 -0.2329
-0.5447 -0.1144 -0.9687
-0.4939 -0.2180 -0.0551
-0.4968 -0.5623 -0.9632
-0.5197 -0.6771 -0.3810
-0.3543 -0.2552 -0.7589
-0.5999 -0.0100 -0.1659
-0.5522 -0.5490 -0.0702
-0.7169 -0.1481 -0.5341
-0.8777 -0.5316 -0.7206
-0.4857 -0.2759 -0.7757
-0.6498 -0.3022 -0.7671
-0.0430 -0.5668 -0.2336
-0.0381 -0.7859 -0.3409
-0.4295 -0.7976 -0.7641
-0.0481 -0.6711 -0.6826
-0.0283 -0.7150 -0.1133
-0.8226 -0.1534 -0.7251
-0.5797 -0.0292 -0.1062
-0.6553 -0.2129 -0.9131
-0.8850 -0.6504 -0.9182
-0.2413 -0.0700 -0.6477
-0.8679 -0.9177 -0.6810
-0.3941 -0.5797 -0.5595
-0.5915 -0.9407 -0.3326
-0.2513 -0.6228 -0.2896
-0.5808 -0.0199 -0.1769
-0.8871 -0.2011 -0.8643
-0.9360 -0.6967 -0.8137
-0.1895 -0.6398 -0.8465
-0.6238 -0.5306 -0.8294
-0.5609 -0.0969 -0.6094
-0.2127 -0.5132 -0.2834
-0.9137 -0.1404 -0.8343
-0.8655 -0.7319 -0.7136
-0.1655 -0.5767 -0.9563
-0.0318 -0.3799 -0.9013
-0.0622 -0.3459 -0.2990
-0.2792 -0.3068 -0.1408
-0.4723 -0.7148 -0.7793
-0.1072 -0.0615 -0.8206
-0.8625 -0.6103 -0.1521
-0.8469 -0.5916 -0.2430
-0.5905 -0.5758 -0.6956
-0.5197 -0.9542 -0.3289
-0.7401 -0.7851 -0.3208
-0.1075 -0.3452 -0.8805
-0.9181 -0.3372 -0.2025
-0.3724 -0.9643 -0.9594
-0.5679 -0.5092 -0.1775
-0.0978 -0.4173 -0.0253
-0.4945 -0.7110 -0.0773
-0.2382 -0.5675 -0.5086
-0.3122 -0.1738 -0.8240
-0.0548 -0.7618 -0.9040
-0.3736 -0.9016 -0.2276
-0.0598 -0.9175 -0.9593
-0.3222 -0.7394 -0.6205
-0.7834 -0.7038 -0.0462
-0.4967 -0.3647 -0.0300
-0.8177 -0.1268 -0.5644
-0.7037 -0.0089 -0.4460
-0.8198 -0.1548 -0.4097
-0.3979 -0.7232 -0.0629
-0.6342 -0.3544 -0.3977
-0.4385 -0.7137 -0.9213
-0.6961 -0.6150 -0.4286
-0.5396 -0.0363 -0.8587
-0.5804 -0.3946 -0.0533
-0.4738 -0.9465 -0.6488
-0.5059 -0.7989 -0.8269
-0.6076 -0.8870 -0.7398
-0.4301 -0.5959 -0.7020
-0.0128 -0.5112 -0.5882
-0.1331 -0.4467 -0.5181
-0.3466 -0.3713 -0.0085
-0.3098 -0.2697 -0.5400
-0.4324 -0.3789 -0.7127
-0.0056 -0.5224 -0.3631
-0.2389 -0.2654 -0.1631
