1
-0.7007 -0.0534 -0.5117
-0.0952 -0.3067 -0.2833
-0.0778 -0.1402 -0.3640
-0.2440 -0.0134 -0.2820
-0.2800 -0.2215 -0.2737
-0.3056 -0.7217 -0.6362
-0.3110 -0.5605 -0.8193
-0.4240 -0.0911 -0.7594
-0.1302 -0.6969 -0.3763
-0.5305 -0.0772 -0.0499
-0.0655 -0.7843 -0.3111
-0.4314 -0.2097 -0.2363
-0.5788 -0.0280 -0.1063
-0.3434 -0.2230 -0.5529
-0.3302 -0.0770 -0.1743
-0.4835 -0.4494 -0.1701
-0.0611 -0.6004 -0.7504
-0.2140 -0.8141 -0.6191
-0.6278 -0.3151 -0.2197
-0.2432 -0.5230 -0.6670
-0.5593 -0.5968 -0.6925
-0.0926 -0.5149 -0.5666
-0.3989 -0.5947 -0.5197
-0.1849 -0.1652 -0.3414
-0.6372 -0.1785 -0.6416
-0.6640 -0.1285 -0.2583
-0.6676 -0.8229 -0.8089
-0.0496 -0.5584 -0.7357
-0.3812 -0.1951 -0.7125
-0.5343 -0.5859 -0.6076
-0.8264 -0.3826 -0.6716
-0.2485 -0.7806 -0.2249
-0.4448 -0.1058 -0.2731
-0.1220 -0.5568 -0.0201
-0.0502 -0.8180 -0.6449
-0.2536 -0.7717 -0.2712
-0.5444 -0.5490 -0.3278
-0.2154 -0.5893 -0.0262
-0.2166 -0.3504 -0.6973
-0.6709 -0.5003 -0.4167
-0.7674 -0.3082 -0.7091
-0.4237 -0.5818 -0.1222
-0.6873 -0.0161 -0.1705
-0.3417 -0.7262 -0.2644
-0.4756 -0.1583 -0.7293
-0.5939 -0.5389 -0.6444
-0.7229 -0.3498 -0.4219
-0.4396 -0.5319 -0.7678
-0.4788 -0.1154 -0.2080
-0.4411 -0.7125 -0.1544
-0.8007 -0.2627 -0.8039
-0.6429 -0.0301 -0.4445
-0.3618 -0.0159 -0.4371
-0.6104 -0.0888 -0.1357
-0.6746 -0.7914 -0.7733
-0.4960 -0.5217 -0.7631
-0.0066 -0.6816 -0.4100
-0.6582 -0.3372 -0.4715
-0.3724 -0.1273 -0.2050
-0.0935 -0.0612 -0.5311
-0.5918 -0.0742 -0.4036
-0.7371 -0.3888 -0.4711
-0.6204 -0.1771 -0.3544
-0.6700 -0.3296 -0.6195
-0.3622 -0.2053 -0.5228
-0.4831 -0.1636 -0.3656
-0.3959 -0.0004 -0.3978
-0.3913 -0.5390 -0.8205
-0.4363 -0.8069 -0.3840
-0.3983 -0.1764 -0.7028
-0.5813 -0.3739 -0.3458
-0.2771 -0.7749 -0.1742
-0.2151 -0.7356 -0.1970
-0.2740 -0.8154 -0.2799
-0.3327 -0.5190 -0.5449
-0.2545 -0.1926 -0.8133
-0.2241 -0.5823 -0.4755
-0.6225 -0.3070 -0.5926
-0.3842 -0.7979 -0.0372
-0.3956 -0.1214 -0.3758
-0.2231 -0.2262 -0.6490
-0.7410 -0.2088 -0.1791
-0.2640 -0.7403 -0.8050
-0.3950 -0.5035 -0.0421
-0.4744 -0.5552 -0.6388
-0.0423 -0.1857 -0.2551
-0.4522 -0.3116 -0.2300
-0.6660 -0.4050 -0.2005
-0.7934 -0.7002 -0.2751
-0.4233 -0.5883 -0.3260
-0.2772 -0.1815 -0.1719
-0.5587 -0.4713 -0.1521
-0.3887 -0.6072 -0.2108
-0.3200 -0.7332 -0.7820
-0.4226 -0.1092 -0.2796
-0.0041 -0.2024 -0.2794
-0.1666 -0.8325 -0.7384
-0.7793 -0.0131 -0.7125
-0.3401 -0.0322 -0.5013
-0.1887 -0.0777 -0.7183
-0.6894 -0.5364 -0.6934
-0.2979 -0.2630 -0.3427
-0.3492 -0.6036 -0.0393
-0.6229 -0.1449 -0.5771
-0.1815 -0.2535 -0.7937
-0.5988 -0.3871 -0.1358
-0.5236 -0.1929 -0.1414
-0.5467 -0.4523 -0.5558
-0.1289 -0.6131 -0.2189
-0.6559 -0.2336 -0.1675
-0.2419 -0.1380 -0.0224
-0.5744 -0.8228 -0.1330
-0.7383 -0.5332 -0.6948
-0.4377 -0.1834 -0.4423
-0.3271 -0.7699 -0.3148
-0.5857 -0.0148 -0.3286
-0.4600 -0.3090 -0.6737
-0.6954 -0.8303 -0.0282
-0.2143 -0.2036 -0.1360
-0.4299 -0.7122 -0.0172
-0.6191 -0.1489 -0.6136
-0.4347 -0.7002 -0.7236
-0.1596 -0.8136 -0.6377
-0.5866 -0.0182 -0.0260
-0.3340 -0.5180 -0.6807
-0.5786 -0.0642 -0.6040
-0.3959 -0.0054 -0.0715
-0.0613 -0.4156 -0.1705
-0.0024 -0.2874 -0.2361
-0.5404 -0.6476 -0.3443
-0.0115 -0.1808 -0.4192
-0.5338 -0.3620 -0.5505
-0.6063 -0.6953 -0.1638
-0.5101 -0.3089 -0.2714
-0.0533 -0.7943 -0.6377
-0.3201 -0.0842 -0.1419
-0.0763 -0.1699 -0.1819
-0.6398 -0.0691 -0.7456
-0.2447 -0.5366 -0.6899
-0.3302 -0.1371 -0.0979
-0.4491 -0.5828 -0.5760
-0.0016 -0.4330 -0.6672
-0.2276 -0.3394 -0.5234
-0.1507 -0.4906 -0.2637
-0.5848 -0.2563 -0.7653
-0.2236 -0.4859 -0.5282
-0.0424 -0.4948 -0.5044
-0.5181 -0.3118 -0.7234
-0.4053 -0.1377 -0.2496
-0.2606 -0.2514 -0.7079
-0.0887 -0.4350 -0.4263
-0.2978 -0.4680 -0.2730
-0.0683 -0.2410 -0.2377
-0.2182 -0.4685 -0.8297
-0.6408 -0.2166 -0.3131
-0.5851 -0.2240 -0.5465
-0.3227 -0.5867 -0.1395
-0.7294 -0.0276 -0.2303
-0.2021 -0.6150 -0.6108
-0.7011 -0.7236 -0.3964
-0.2807 -0.5476 -0.2922
-0.2126 -0.1865 -0.7618
-0.0574 -0.8261 -0.3872
-0.5751 -0.5503 -0.1851
-0.3345 -0.2188 -0.6960
-0.5480 -0.6410 -0.7419
-0.5978 -0.7602 -0.3823
-0.5563 -0.1346 -0.3962
-0.0076 -0.6442 -0.4288
-0.3241 -0.0473 -0.7844
-0.3368 -0.3091 -0.0826
-0.2233 -0.7681 -0.2933
-0.1661 -0.7568 -0.1130
-0.6690 -0.0272 -0.4359
-0.6737 -0.0703 -0.5834
-0.0398 -0.0883 -0.3885
-0.5410 -0.2757 -0.4360
-0.6359 -0.6133 -0.5702
-0.6777 -0.2871 -0.5525
-0.0401 -0.5508 -0.6368
-0.8149 -0.6166 -0.8027
-0.0610 -0.7521 -0.4133
-0.4466 -0.3663 -0.4448
-0.2893 -0.4766 -0.0700
-0.5321 -0.5946 -0.8168
-0.8017 -0.1256 -0.7608
-0.1316 -0.3900 -0.7567
-0.5045 -0.3050 -0.0117
-0.6896 -0.0503 -0.6362
-0.4800 -0.1924 -0.0647
-0.1244 -0.6649 -0.2943
-0.6983 -0.0158 -0.7183
-0.8294 -0.0286 -0.4762
-0.0775 -0.4444 -0.7313
-0.5600 -0.4523 -0.5142
-0.4156 -0.7745 -0.1217
-0.6738 -0.2003 -0.0394
-0.6355 -0.2711 -0.3049
-0.0771 -0.6009 -0.1262
-0.0842 -0.4320 -0.4367
-0.6147 -0.4224 -0.6976
-0.3593 -0.5397 -0.0045
-0.0994 -0.5857 -0.3161
-0.2777 -0.7791 -0.3048
-0.8100 -0.4142 -0.6598
-0.2002 -0.3379 -0.1861
-0.2379 -0.5460 -0.5321
-0.4255 -0.0464 -0.6643
-0.6830 -0.4190 -0.0387
-0.7911 -0.7423 -0.3443
-0.0803 -0.1820 -0.3115
-0.1802 -0.7527 -0.6919
-0.4487 -0.0424 -0.0536
-0.0360 -0.7311 -0.7613
-0.0787 -0.2872 -0.1403
-0.3476 -0.4863 -0.5675
-0.2657 -0.7797 -0.4531
-0.0940 -0.1951 -0.2048
-0.1544 -0.5064 -0.0721
-0.3273 -0.4525 -0.4411
-0.0048 -0.4543 -0.2693
-0.4526 -0.6491 -0.3259
-0.2896 -0.6037 -0.0903
-0.0009 -0.2493 -0.4649
-0.6498 -0.2806 -0.7987
-0.6065 -0.0377 -0.0618
-0.4653 -0.0821 -0.3357
-0.0718 -0.5618 -0.4203
-0.2286 -0.3978 -0.6428
-0.6061 -0.0539 -0.2529
-0.4423 -0.3731 -0.0698
-0.1296 -0.4187 -0.1215
-0.6010 -0.3512 -0.5917
-0.3955 -0.3565 -0.5362
-0.6469 -0.3902 -0.6697
-0.0573 -0.3654 -0.5753
-0.4499 -0.1341 -0.0459
-0.5419 -0.3291 -0.4527
-0.6124 -0.7188 -0.2914
-0.1420 -0.7650 -0.4881
-0.4785 -0.6005 -0.7274
-0.8001 -0.3165 -0.5001
-0.5334 -0.6328 -0.7985
-0.3257 -0.7065 -0.7877
-0.2655 -0.0840 -0.0802
-0.7602 -0.4889 -0.6550
-0.0008 -0.4048 -0.3007
-0.0954 -0.7294 -0.3792
-0.3275 -0.5921 -0.1029
-0.5388 -0.4536 -0.3652
-0.1545 -0.2741 -0.6687
-0.1738 -0.2194 -0.5410
-0.7155 -0.2908 -0.5839
-0.4622 -0.5373 -0.7334
-0.5309 -0.0153 -0.5911
-0.5461 -0.0300 -0.3443
