256
0 2
2 4
6 8
14 8
22 8
30 5
35 4
39 5
44 8
52 2
54 6
60 6
66 4
70 2
72 8
80 3
83 5
88 2
90 2
92 2
94 7
101 7
108 6
114 2
116 2
118 8
126 2
128 8
136 4
140 5
145 5
150 6
156 5
161 8
169 3
172 7
179 8
187 4
191 2
193 5
198 8
206 4
210 3
213 3
216 8
224 8
232 4
236 5
241 4
245 5
250 5
255 8
263 5
268 7
275 5
280 5
285 5
290 3
293 7
300 7
307 6
313 4
317 5
322 7
329 8
337 7
344 7
351 8
359 6
365 4
369 6
375 5
380 7
387 3
390 4
394 5
399 4
403 5
408 4
412 4
416 4
420 4
424 8
432 6
438 5
443 3
446 5
451 8
459 5
464 6
470 7
477 4
481 2
483 6
489 3
492 7
499 2
501 3
504 2
506 2
508 2
510 3
513 5
518 7
525 4
529 6
535 4
539 5
544 2
546 2
548 4
552 2
554 2
556 6
562 6
568 3
571 4
575 8
583 7
590 8
598 7
605 7
612 3
615 6
621 3
624 8
632 5
637 3
640 6
646 7
653 3
656 7
663 7
670 3
673 5
678 8
686 7
693 3
696 8
704 8
712 5
717 3
720 5
725 5
730 5
735 5
740 8
748 3
751 5
756 4
760 7
767 2
769 6
775 6
781 3
784 2
786 7
793 3
796 6
802 8
810 3
813 4
817 4
821 6
827 5
832 4
836 6
842 2
844 6
850 8
858 7
865 6
871 4
875 3
878 7
885 4
889 4
893 5
898 4
902 5
907 8
915 6
921 8
929 3
932 6
938 2
940 6
946 3
949 8
957 5
962 6
968 4
972 6
978 4
982 4
986 6
992 3
995 3
998 2
1000 3
1003 6
1009 8
1017 8
1025 2
1027 3
1030 4
1034 5
1039 3
1042 3
1045 4
1049 5
1054 6
1060 3
1063 6
1069 5
1074 2
1076 7
1083 7
1090 5
1095 3
1098 2
1100 6
1106 4
1110 7
1117 6
1123 5
1128 2
1130 5
1135 2
1137 7
1144 8
1152 6
1158 2
1160 4
1164 6
1170 2
1172 8
1180 7
1187 2
1189 7
1196 6
1202 8
1210 7
1217 8
1225 3
1228 5
1233 5
1238 6
1244 6
1250 3
1253 5
1258 2
1260 6
1266 8
1274 8
1282 5
120
1287
186 7
112 9
190 4
65 9
156 4
95 3
140 8
202 5
229 4
252 3
231 10
16 8
84 7
158 4
173 7
98 9
70 6
149 3
238 9
1 9
45 2
200 7
65 3
161 6
160 4
95 3
34 5
116 8
18 10
31 8
218 10
246 10
246 2
137 3
21 1
49 5
252 7
24 8
188 5
208 7
43 1
20 7
29 1
62 2
15 7
50 9
68 6
160 1
13 8
251 5
197 7
186 7
37 7
134 10
176 6
53 3
81 7
53 5
22 6
25 2
220 10
48 3
177 6
42 7
155 2
13 6
50 5
96 6
25 7
246 8
190 7
73 7
169 2
171 3
45 4
73 9
78 8
52 1
248 5
112 6
161 9
132 10
184 2
185 1
144 7
158 3
118 4
190 3
67 7
64 10
87 9
177 6
194 3
125 10
14 3
36 8
161 6
64 8
228 6
57 4
35 4
109 1
196 8
96 8
139 7
197 9
232 8
179 5
159 4
164 3
88 6
171 8
3 9
233 2
7 3
231 5
95 5
75 7
28 7
65 5
141 4
121 6
88 3
161 8
85 2
16 8
200 2
218 2
203 4
227 10
77 4
179 2
245 7
139 3
214 2
147 4
197 7
134 5
105 9
35 10
6 1
211 5
92 8
202 7
152 8
247 7
130 6
90 7
219 5
178 4
111 3
94 10
190 6
57 6
98 6
175 10
76 2
171 4
57 10
248 3
255 1
86 6
179 8
209 8
249 3
14 1
208 5
86 4
66 1
4 7
110 1
96 1
71 8
125 6
134 8
44 8
240 10
15 1
154 5
39 2
181 10
89 6
56 6
165 7
47 3
90 10
5 10
84 5
85 2
31 9
145 2
67 6
16 9
192 9
33 2
74 2
240 4
96 1
45 8
219 10
253 9
36 2
204 5
205 7
127 9
170 9
229 9
71 2
161 2
63 4
197 10
81 5
203 1
79 4
241 5
142 5
32 6
49 10
18 7
170 7
135 6
191 5
234 8
128 3
52 9
212 5
162 8
80 4
232 10
120 7
97 9
25 2
34 3
206 4
245 8
117 2
236 3
182 8
29 5
237 3
108 7
136 1
23 6
139 9
226 3
115 10
85 7
235 9
105 3
10 2
172 10
217 6
25 2
193 10
71 10
170 8
127 2
130 4
120 8
113 2
230 7
116 5
248 5
162 5
19 2
121 3
121 7
152 7
167 2
128 2
222 5
3 8
190 1
183 7
134 8
35 3
82 3
111 8
252 10
128 1
243 2
89 4
75 4
241 8
165 5
215 1
151 3
6 1
163 2
240 2
202 8
96 6
210 3
162 2
70 4
166 9
102 2
59 6
60 9
78 4
205 7
165 2
241 1
31 6
37 7
187 4
208 7
51 7
57 8
224 1
179 10
39 2
177 4
1 4
40 8
29 7
91 10
107 9
51 4
73 5
143 6
177 2
21 3
125 2
188 4
212 9
241 4
0 3
89 4
72 1
8 7
209 10
201 8
23 1
174 2
234 2
135 5
109 4
16 9
232 5
232 2
229 2
133 8
179 8
10 7
15 1
142 8
179 2
97 5
113 2
210 7
118 9
60 10
93 10
68 4
227 1
81 1
40 1
187 7
150 9
41 10
235 3
223 7
252 8
246 4
172 2
177 2
93 9
147 1
143 1
0 7
59 3
192 9
88 4
44 3
146 3
127 5
236 9
33 4
132 4
226 8
31 1
22 2
172 4
28 1
185 6
207 5
17 9
132 3
11 8
122 3
88 1
148 5
68 9
87 9
127 10
160 6
239 5
148 10
46 7
240 1
59 3
159 4
109 3
247 10
229 4
38 10
104 5
235 5
67 3
27 8
67 9
7 8
189 5
21 1
106 3
5 6
117 4
68 8
114 10
183 4
247 9
218 5
119 1
236 7
57 4
149 7
101 3
229 9
61 5
29 1
157 4
28 4
13 1
172 10
100 3
233 6
7 9
128 7
203 9
83 4
30 1
119 2
203 3
67 10
89 8
49 9
100 1
243 4
116 8
135 5
123 5
171 4
239 10
233 1
199 5
223 6
122 1
179 8
186 3
75 9
190 10
124 8
167 4
10 9
94 6
108 3
31 1
225 9
207 5
70 9
40 1
115 7
249 5
210 5
110 6
103 9
25 7
180 10
67 6
255 5
19 5
245 1
91 3
150 4
222 10
4 9
34 10
1 6
96 1
4 10
155 4
125 7
133 7
93 3
34 6
181 10
217 8
23 2
160 6
70 1
128 6
224 6
103 2
155 1
153 3
124 3
252 1
199 8
54 9
187 7
252 8
171 9
188 3
79 7
197 8
58 7
101 6
251 7
115 3
251 1
121 3
255 5
233 3
27 1
206 10
95 9
55 5
93 2
7 9
93 1
234 3
137 8
8 6
73 3
155 8
131 2
154 6
102 4
1 9
123 3
225 5
89 10
26 3
52 8
80 7
17 7
15 7
209 4
183 2
136 3
203 6
141 1
189 7
230 8
175 3
234 5
185 3
140 1
13 10
228 9
55 9
9 5
101 9
26 4
208 5
84 6
145 5
221 7
139 3
198 8
226 8
68 5
151 10
159 6
172 5
153 7
14 6
30 8
118 3
254 9
138 1
103 2
55 7
103 1
22 1
27 9
15 5
60 3
145 10
26 1
244 4
41 4
70 9
125 8
231 5
238 6
41 5
25 6
86 7
228 6
20 6
192 6
191 10
225 8
9 4
114 4
182 7
1 4
136 10
15 6
77 4
241 9
147 1
205 3
11 9
187 7
130 7
4 10
151 1
207 10
137 2
111 2
98 7
80 3
76 8
161 2
15 8
236 4
37 3
219 10
213 10
40 9
94 4
166 1
147 2
118 4
241 5
243 9
96 10
197 3
94 2
221 10
108 6
92 2
199 7
48 5
109 8
106 7
58 8
139 3
103 8
228 2
226 5
31 6
112 10
155 6
5 8
159 2
238 2
96 3
102 5
150 4
62 5
47 5
31 8
55 1
239 3
215 8
103 4
26 8
72 2
227 8
195 10
119 10
69 2
55 6
28 5
180 9
114 3
37 5
245 6
95 8
16 10
120 2
48 6
9 1
119 4
144 3
222 9
227 8
232 2
243 3
123 10
2 2
203 3
243 4
228 10
40 6
149 1
76 3
99 10
105 5
230 1
133 6
87 3
225 7
146 6
151 1
147 1
173 2
7 2
245 8
27 10
103 1
104 6
226 1
156 10
93 10
196 4
119 10
208 8
22 6
10 9
214 1
193 8
242 8
44 1
212 5
127 1
211 6
8 2
189 2
253 9
31 9
121 8
135 10
147 2
155 10
40 10
18 2
17 5
241 9
225 9
177 6
60 10
191 1
210 9
141 10
182 3
21 3
223 10
244 7
227 9
142 4
2 5
226 4
155 3
9 5
130 2
5 9
201 7
237 9
128 2
166 5
93 4
46 1
246 8
49 4
124 10
76 3
91 2
197 3
119 3
158 3
243 2
238 7
162 6
114 5
106 3
60 4
107 5
177 2
191 10
208 4
19 4
184 4
33 3
175 8
170 8
1 5
68 7
195 1
226 1
46 4
113 4
156 5
164 8
63 2
84 8
109 1
15 6
118 6
181 8
6 7
193 6
41 2
110 3
80 2
197 7
62 2
117 1
21 7
70 2
115 9
191 3
158 6
205 2
211 5
141 7
7 2
66 6
234 8
78 7
16 10
178 6
89 5
162 10
169 6
218 5
94 10
59 6
67 3
37 6
246 2
202 10
98 1
240 2
144 9
130 2
245 5
194 7
196 9
58 9
139 2
23 1
217 7
176 1
53 9
219 10
29 9
130 1
183 10
100 6
97 8
170 6
186 6
71 7
236 8
126 5
250 2
4 6
92 7
92 8
185 2
16 6
118 3
139 9
63 9
166 8
116 8
78 4
239 8
18 2
129 5
51 7
80 4
233 8
160 6
125 6
148 5
91 4
150 9
135 1
163 5
75 2
108 8
77 1
2 10
201 2
218 10
110 9
60 1
208 2
206 6
51 4
161 6
248 10
229 10
230 5
18 10
57 5
85 9
38 9
145 6
179 2
219 7
220 8
145 9
185 6
247 6
150 8
131 1
223 7
15 10
121 3
33 10
197 6
110 6
169 3
173 10
182 10
186 9
114 2
167 5
91 5
41 2
223 3
23 4
83 3
145 6
239 9
255 7
43 3
227 9
110 4
75 5
211 7
38 4
94 7
195 1
168 10
37 3
241 5
236 2
98 8
148 1
197 6
20 9
31 9
30 9
159 4
48 5
3 2
156 6
57 9
10 10
250 2
76 5
88 10
173 8
119 10
126 7
163 5
154 2
137 6
193 5
73 1
180 3
121 5
109 2
48 5
159 1
1 1
6 2
211 2
162 7
30 1
244 7
101 3
211 8
159 5
122 1
82 9
15 6
143 4
60 4
181 5
170 2
97 4
149 8
234 7
22 2
2 7
39 10
178 4
139 1
138 4
156 6
226 10
37 7
106 5
14 10
191 4
204 3
76 10
20 5
90 8
208 5
186 7
190 8
18 4
175 7
106 8
76 10
150 1
195 2
42 1
227 8
143 10
243 5
105 8
126 5
137 8
79 5
226 1
190 4
184 3
84 2
46 8
116 9
18 4
219 1
89 1
249 4
153 8
185 1
67 3
83 9
23 6
204 9
83 8
222 6
102 7
129 2
2 3
96 7
180 3
8 1
196 7
146 9
73 10
217 6
85 4
174 5
40 9
77 2
115 9
233 4
179 5
182 9
181 7
205 5
165 1
251 5
193 4
211 9
210 3
15 7
155 5
102 2
186 7
66 9
153 8
114 10
50 8
49 6
53 9
180 5
220 5
43 6
113 8
47 4
72 5
9 9
38 9
83 3
90 1
47 10
185 8
26 7
85 1
201 8
23 1
111 3
19 2
52 9
83 3
217 10
159 3
237 5
57 4
194 10
119 5
55 1
197 1
164 7
8 5
214 3
188 5
250 9
143 3
94 4
234 8
175 1
161 7
87 4
198 4
99 2
184 3
170 8
147 3
211 9
100 8
160 9
216 9
6 10
236 10
65 10
252 3
231 7
193 5
68 6
204 4
14 6
24 1
255 7
79 2
1 4
242 3
87 9
163 9
19 4
181 6
53 8
179 1
76 5
214 7
198 5
247 3
189 7
117 9
159 3
80 4
147 8
164 5
169 10
18 7
38 3
207 9
246 2
112 1
231 4
123 1
74 10
238 3
73 2
82 5
108 7
200 8
81 3
243 5
150 6
33 1
183 10
40 6
1 2
17 9
139 1
36 3
212 3
4 5
29 5
250 2
166 3
104 4
109 1
18 2
80 5
193 1
228 2
48 7
6 2
194 4
111 2
136 10
164 2
46 9
203 10
69 9
114 2
137 7
223 1
182 1
167 2
26 10
98 1
148 4
10 7
150 10
162 10
162 10
15 6
38 2
201 2
241 1
51 10
41 8
43 2
54 2
231 4
11 4
189 10
254 8
182 1
164 3
67 4
171 7
67 9
245 6
119 7
210 8
36 1
239 3
20 5
214 6
184 1
253 9
177 5
58 1
107 3
145 7
199 9
116 4
250 4
69 10
170 2
213 9
196 9
149 8
69 2
128 4
43 4
154 6
146 9
86 2
82 6
66 6
4 8
64 1
21 5
4 4
181 1
14 4
79 3
32 9
225 1
251 2
97 1
91 2
229 3
203 4
213 4
26 6
232 1
33 10
48 10
49 4
49 9
243 10
14 5
199 5
240 6
107 2
206 10
201 2
69 7
