1024
0 8
8 2
10 7
17 2
19 2
21 8
29 5
34 6
40 5
45 5
50 6
56 3
59 7
66 2
68 8
76 2
78 6
84 6
90 2
92 7
99 4
103 3
106 7
113 3
116 6
122 4
126 4
130 8
138 4
142 7
149 8
157 7
164 3
167 3
170 6
176 8
184 3
187 6
193 2
195 5
200 2
202 5
207 7
214 3
217 4
221 4
225 2
227 8
235 6
241 8
249 7
256 3
259 4
263 7
270 6
276 6
282 3
285 6
291 2
293 5
298 5
303 5
308 7
315 7
322 3
325 8
333 3
336 7
343 3
346 2
348 8
356 4
360 3
363 2
365 4
369 2
371 3
374 4
378 8
386 6
392 4
396 4
400 5
405 7
412 4
416 7
423 3
426 8
434 8
442 3
445 4
449 6
455 3
458 6
464 3
467 2
469 7
476 8
484 8
492 6
498 2
500 7
507 6
513 2
515 3
518 6
524 3
527 5
532 2
534 3
537 6
543 5
548 4
552 7
559 8
567 6
573 2
575 5
580 6
586 3
589 6
595 8
603 8
611 7
618 7
625 3
628 2
630 5
635 3
638 3
641 8
649 3
652 8
660 4
664 2
666 6
672 5
677 3
680 2
682 4
686 3
689 5
694 7
701 7
708 3
711 5
716 8
724 6
730 5
735 8
743 8
751 7
758 3
761 8
769 4
773 7
780 6
786 5
791 4
795 2
797 6
803 6
809 6
815 5
820 4
824 5
829 2
831 2
833 5
838 5
843 6
849 4
853 7
860 2
862 4
866 7
873 5
878 7
885 6
891 8
899 7
906 5
911 3
914 5
919 2
921 2
923 6
929 5
934 3
937 7
944 4
948 4
952 3
955 5
960 7
967 7
974 7
981 6
987 3
990 8
998 7
1005 8
1013 8
1021 6
1027 2
1029 2
1031 5
1036 3
1039 8
1047 8
1055 6
1061 5
1066 2
1068 6
1074 8
1082 5
1087 3
1090 2
1092 5
1097 2
1099 2
1101 4
1105 7
1112 7
1119 3
1122 7
1129 6
1135 7
1142 4
1146 6
1152 6
1158 7
1165 7
1172 3
1175 5
1180 6
1186 5
1191 2
1193 4
1197 2
1199 7
1206 5
1211 7
1218 6
1224 7
1231 6
1237 7
1244 3
1247 8
1255 5
1260 8
1268 2
1270 3
1273 8
1281 3
1284 4
1288 8
1296 8
1304 7
1311 4
1315 5
1320 3
1323 8
1331 4
1335 7
1342 3
1345 2
1347 3
1350 8
1358 3
1361 2
1363 5
1368 3
1371 7
1378 4
1382 2
1384 7
1391 5
1396 6
1402 2
1404 6
1410 4
1414 4
1418 2
1420 7
1427 4
1431 8
1439 6
1445 5
1450 3
1453 2
1455 2
1457 5
1462 2
1464 4
1468 8
1476 2
1478 8
1486 6
1492 5
1497 6
1503 5
1508 3
1511 7
1518 6
1524 2
1526 7
1533 4
1537 5
1542 3
1545 4
1549 3
1552 4
1556 7
1563 6
1569 4
1573 8
1581 7
1588 2
1590 8
1598 8
1606 7
1613 8
1621 4
1625 4
1629 5
1634 8
1642 6
1648 5
1653 3
1656 4
1660 4
1664 3
1667 6
1673 7
1680 8
1688 5
1693 4
1697 5
1702 4
1706 4
1710 5
1715 6
1721 2
1723 4
1727 4
1731 8
1739 7
1746 7
1753 7
1760 3
1763 2
1765 6
1771 8
1779 4
1783 7
1790 6
1796 5
1801 4
1805 5
1810 5
1815 7
1822 2
1824 4
1828 2
1830 2
1832 2
1834 6
1840 2
1842 5
1847 5
1852 4
1856 8
1864 5
1869 4
1873 8
1881 6
1887 2
1889 2
1891 6
1897 2
1899 3
1902 7
1909 8
1917 8
1925 4
1929 7
1936 3
1939 3
1942 7
1949 2
1951 7
1958 6
1964 4
1968 6
1974 2
1976 3
1979 5
1984 2
1986 6
1992 5
1997 2
1999 6
2005 5
2010 2
2012 4
2016 5
2021 7
2028 8
2036 3
2039 3
2042 7
2049 5
2054 4
2058 7
2065 3
2068 2
2070 6
2076 4
2080 5
2085 2
2087 6
2093 7
2100 8
2108 7
2115 5
2120 5
2125 6
2131 2
2133 8
2141 5
2146 6
2152 2
2154 5
2159 7
2166 3
2169 8
2177 6
2183 6
2189 5
2194 2
2196 2
2198 3
2201 7
2208 4
2212 2
2214 2
2216 2
2218 8
2226 4
2230 3
2233 5
2238 4
2242 3
2245 6
2251 7
2258 4
2262 5
2267 2
2269 2
2271 8
2279 4
2283 3
2286 3
2289 6
2295 7
2302 6
2308 2
2310 4
2314 3
2317 2
2319 6
2325 3
2328 7
2335 8
2343 6
2349 7
2356 2
2358 2
2360 8
2368 5
2373 4
2377 6
2383 6
2389 2
2391 4
2395 4
2399 6
2405 4
2409 4
2413 7
2420 8
2428 7
2435 8
2443 7
2450 3
2453 8
2461 5
2466 7
2473 2
2475 3
2478 8
2486 7
2493 2
2495 7
2502 5
2507 5
2512 6
2518 3
2521 2
2523 4
2527 3
2530 3
2533 3
2536 6
2542 7
2549 7
2556 8
2564 6
2570 7
2577 7
2584 6
2590 8
2598 6
2604 3
2607 5
2612 5
2617 3
2620 5
2625 7
2632 2
2634 3
2637 4
2641 2
2643 5
2648 3
2651 6
2657 4
2661 4
2665 4
2669 2
2671 7
2678 2
2680 7
2687 4
2691 6
2697 4
2701 7
2708 4
2712 3
2715 3
2718 5
2723 7
2730 7
2737 8
2745 8
2753 8
2761 8
2769 3
2772 5
2777 5
2782 6
2788 7
2795 3
2798 5
2803 8
2811 2
2813 5
2818 8
2826 2
2828 5
2833 7
2840 8
2848 7
2855 8
2863 5
2868 8
2876 4
2880 6
2886 6
2892 6
2898 6
2904 3
2907 5
2912 5
2917 2
2919 8
2927 6
2933 3
2936 6
2942 8
2950 3
2953 6
2959 7
2966 8
2974 7
2981 8
2989 8
2997 6
3003 3
3006 6
3012 7
3019 6
3025 6
3031 2
3033 8
3041 2
3043 3
3046 5
3051 7
3058 4
3062 7
3069 8
3077 2
3079 6
3085 5
3090 2
3092 5
3097 3
3100 8
3108 6
3114 6
3120 4
3124 4
3128 8
3136 5
3141 2
3143 6
3149 5
3154 2
3156 8
3164 3
3167 6
3173 4
3177 4
3181 4
3185 3
3188 8
3196 6
3202 6
3208 4
3212 8
3220 4
3224 5
3229 7
3236 6
3242 2
3244 2
3246 3
3249 5
3254 2
3256 2
3258 7
3265 8
3273 4
3277 8
3285 8
3293 8
3301 3
3304 6
3310 5
3315 3
3318 5
3323 3
3326 5
3331 6
3337 6
3343 6
3349 7
3356 8
3364 3
3367 2
3369 7
3376 4
3380 6
3386 4
3390 7
3397 4
3401 5
3406 5
3411 3
3414 4
3418 6
3424 5
3429 8
3437 6
3443 7
3450 3
3453 5
3458 6
3464 6
3470 7
3477 8
3485 6
3491 4
3495 5
3500 5
3505 3
3508 8
3516 8
3524 5
3529 2
3531 2
3533 3
3536 7
3543 6
3549 5
3554 8
3562 6
3568 2
3570 7
3577 6
3583 4
3587 5
3592 5
3597 8
3605 7
3612 4
3616 2
3618 2
3620 4
3624 5
3629 3
3632 4
3636 4
3640 7
3647 7
3654 5
3659 5
3664 8
3672 5
3677 6
3683 5
3688 7
3695 6
3701 4
3705 2
3707 6
3713 8
3721 3
3724 3
3727 6
3733 6
3739 4
3743 5
3748 3
3751 5
3756 3
3759 5
3764 3
3767 6
3773 6
3779 5
3784 2
3786 8
3794 4
3798 2
3800 3
3803 2
3805 7
3812 4
3816 8
3824 8
3832 4
3836 6
3842 8
3850 6
3856 4
3860 7
3867 5
3872 3
3875 8
3883 5
3888 7
3895 7
3902 6
3908 6
3914 7
3921 4
3925 8
3933 6
3939 3
3942 8
3950 8
3958 7
3965 8
3973 5
3978 5
3983 6
3989 2
3991 6
3997 2
3999 3
4002 2
4004 3
4007 3
4010 6
4016 5
4021 7
4028 4
4032 8
4040 6
4046 8
4054 3
4057 4
4061 6
4067 8
4075 3
4078 7
4085 8
4093 5
4098 7
4105 5
4110 7
4117 2
4119 5
4124 4
4128 4
4132 6
4138 4
4142 5
4147 2
4149 3
4152 6
4158 3
4161 7
4168 2
4170 8
4178 5
4183 4
4187 3
4190 7
4197 7
4204 5
4209 5
4214 8
4222 5
4227 7
4234 3
4237 3
4240 2
4242 2
4244 6
4250 3
4253 2
4255 4
4259 2
4261 2
4263 7
4270 5
4275 6
4281 4
4285 3
4288 8
4296 7
4303 5
4308 8
4316 4
4320 3
4323 8
4331 2
4333 8
4341 7
4348 4
4352 7
4359 5
4364 6
4370 2
4372 5
4377 6
4383 4
4387 5
4392 2
4394 7
4401 4
4405 6
4411 4
4415 8
4423 5
4428 5
4433 5
4438 4
4442 3
4445 4
4449 5
4454 7
4461 8
4469 7
4476 6
4482 2
4484 3
4487 6
4493 5
4498 3
4501 7
4508 7
4515 7
4522 5
4527 2
4529 2
4531 3
4534 8
4542 5
4547 6
4553 7
4560 2
4562 6
4568 8
4576 4
4580 7
4587 6
4593 4
4597 5
4602 4
4606 7
4613 7
4620 4
4624 4
4628 5
4633 6
4639 2
4641 7
4648 7
4655 4
4659 4
4663 6
4669 7
4676 5
4681 7
4688 7
4695 5
4700 4
4704 2
4706 5
4711 4
4715 2
4717 3
4720 4
4724 5
4729 6
4735 8
4743 3
4746 2
4748 5
4753 8
4761 8
4769 3
4772 6
4778 5
4783 8
4791 3
4794 8
4802 2
4804 2
4806 8
4814 8
4822 6
4828 6
4834 3
4837 5
4842 3
4845 2
4847 7
4854 7
4861 7
4868 6
4874 3
4877 3
4880 5
4885 7
4892 3
4895 7
4902 6
4908 3
4911 4
4915 6
4921 4
4925 3
4928 5
4933 4
4937 5
4942 8
4950 7
4957 7
4964 8
4972 5
4977 2
4979 5
4984 2
4986 8
4994 8
5002 5
5007 3
5010 7
5017 2
5019 6
5025 3
5028 5
5033 8
5041 5
5046 3
5049 3
5052 5
5057 2
5059 2
5061 7
5068 2
5070 6
5076 6
5082 8
5090 6
5096 5
5101 4
5105 2
5107 5
5112 4
5116 2
5118 3
5121 5
5126 7
5133 4
5137 2
5139 6
5145 3
282
5148
882 8
994 3
787 3
212 4
624 10
913 1
588 10
871 8
581 8
624 6
489 1
744 7
1021 4
592 3
170 5
886 8
223 6
987 5
725 1
697 8
602 4
672 6
487 10
369 6
566 4
135 7
302 2
905 1
19 5
336 5
715 3
132 7
731 7
27 8
826 5
57 1
310 2
667 8
719 8
747 8
617 5
131 8
993 7
781 6
365 10
726 5
646 9
29 10
117 10
369 10
401 3
264 2
80 6
200 2
230 6
38 8
919 2
533 9
667 4
916 9
834 7
842 6
170 2
515 7
265 8
340 2
605 6
176 2
347 10
71 9
755 1
44 3
1002 1
1015 10
766 1
439 8
406 9
688 3
633 3
681 3
392 7
785 4
627 5
363 2
155 10
556 3
1017 6
645 4
890 6
430 1
395 1
959 8
885 2
340 4
0 4
704 10
347 6
635 2
338 10
398 7
625 4
879 2
87 8
333 7
23 2
474 9
599 6
651 8
471 2
133 10
261 3
725 2
752 8
661 8
884 10
939 4
672 5
311 2
966 7
865 6
150 5
97 10
226 1
979 2
749 7
947 2
726 4
746 9
598 5
256 3
939 8
95 9
108 10
309 3
804 7
576 9
835 2
141 2
948 3
680 2
656 7
348 7
134 3
134 8
339 9
549 3
632 9
844 8
768 1
430 10
415 8
44 8
883 3
195 1
718 8
154 6
187 3
455 7
913 8
525 9
77 10
691 2
777 7
879 10
924 3
962 8
16 3
320 6
532 5
525 8
68 3
998 5
233 10
368 7
217 3
797 7
22 10
748 7
243 1
122 7
587 1
129 8
42 7
700 6
448 7
916 2
290 1
703 2
924 9
805 9
4 7
651 3
238 2
111 6
393 10
74 4
120 3
61 4
76 3
86 8
28 6
444 6
255 7
924 1
721 3
580 8
12 6
563 9
951 4
31 7
1014 8
449 3
117 6
446 9
747 4
764 1
600 6
382 5
310 6
645 7
367 5
628 10
958 6
218 7
297 7
14 8
250 6
701 8
556 1
1017 5
360 1
698 8
471 6
799 2
886 3
478 6
360 5
883 2
453 2
687 7
645 1
31 6
693 9
849 3
742 5
143 4
922 9
887 9
819 7
623 6
539 9
780 3
567 1
192 3
524 2
13 8
604 6
262 3
521 3
467 8
878 8
716 3
746 9
707 9
906 10
428 2
655 9
60 2
371 6
1006 4
411 8
670 8
934 9
331 1
524 8
681 9
24 1
539 3
616 3
774 9
298 2
694 4
218 9
819 6
913 8
400 7
57 3
76 6
230 2
594 5
549 9
150 1
919 3
868 3
309 10
896 8
91 6
766 5
1001 2
756 1
268 1
256 6
329 10
496 10
880 6
204 7
1017 2
580 3
470 10
508 1
371 4
339 8
52 2
271 9
718 1
290 2
910 7
881 3
676 2
34 3
554 5
2 6
1019 9
928 2
779 10
575 8
145 5
377 8
319 2
102 9
659 9
997 4
988 8
708 1
1003 7
522 2
420 7
607 8
174 5
812 8
117 2
755 4
24 6
795 5
574 1
26 10
606 5
431 1
394 4
11 4
191 6
520 10
172 8
54 10
948 3
356 7
599 10
334 6
393 5
436 8
583 7
709 7
8 1
991 1
690 5
384 2
546 3
625 1
219 4
81 10
138 5
855 6
853 10
513 6
690 8
621 3
549 10
974 6
167 10
478 9
17 10
93 1
801 4
932 8
966 3
346 6
2 8
788 4
787 3
1018 3
960 6
420 7
1021 1
650 10
884 8
397 3
85 1
681 4
693 6
120 2
324 4
595 1
484 9
708 1
91 7
674 8
992 1
340 9
69 2
300 8
883 10
139 6
184 7
550 3
432 7
385 9
1023 8
667 9
801 3
185 10
706 4
139 6
275 2
51 10
817 3
847 7
146 2
974 1
879 9
106 10
893 2
271 4
24 8
659 6
1023 4
634 1
98 2
510 1
57 1
47 2
134 8
813 10
830 2
108 7
80 8
983 2
668 7
990 5
604 1
748 1
866 5
241 9
522 6
924 8
331 1
330 4
360 8
870 1
830 2
676 10
503 8
592 9
770 10
542 1
601 5
886 1
706 2
817 4
362 2
473 4
597 7
833 2
275 2
467 10
929 9
132 3
745 5
681 10
102 6
346 4
559 7
255 7
641 2
342 10
743 4
226 5
356 6
879 7
172 1
177 10
356 10
1017 8
285 8
422 9
363 8
630 8
894 10
673 6
23 1
393 10
367 9
23 9
501 7
383 10
717 2
312 8
919 4
359 9
738 4
859 10
47 2
878 4
715 1
963 7
987 5
248 7
13 9
581 9
48 3
630 7
736 10
877 10
807 2
909 5
771 2
338 4
214 4
696 9
1003 9
199 4
75 4
26 4
890 9
739 10
497 6
787 10
587 1
679 8
174 2
834 2
89 10
979 1
845 10
586 8
439 7
106 4
631 5
213 10
543 6
683 4
109 7
765 7
546 2
503 6
572 6
691 5
42 4
1007 6
969 10
39 5
534 6
796 3
529 10
737 10
674 2
1010 7
193 10
694 10
534 8
311 5
1014 3
721 7
550 2
245 7
958 1
69 4
816 5
427 2
358 2
385 3
962 7
234 9
286 7
421 10
172 3
531 5
916 10
454 9
375 1
19 7
770 4
464 4
295 5
542 5
415 5
36 4
578 9
381 9
189 5
531 3
805 9
803 6
456 2
411 1
91 3
57 4
104 9
34 10
302 7
146 2
234 2
132 3
642 10
975 3
820 6
542 5
608 3
686 1
678 7
675 7
600 6
455 10
190 7
122 3
421 8
278 4
537 10
1008 3
155 3
426 7
654 5
458 3
842 8
282 7
152 3
101 2
800 7
158 5
675 2
866 1
393 1
924 3
31 10
1011 3
395 6
558 7
777 7
729 10
833 9
338 4
668 8
468 9
321 1
186 4
246 5
61 6
910 3
678 8
309 2
86 1
925 9
394 3
631 8
855 6
100 8
837 8
372 2
791 8
911 9
351 5
43 8
310 1
382 9
741 4
465 6
246 2
690 3
136 7
487 1
964 4
374 2
381 2
765 7
654 8
798 6
326 9
729 6
964 10
929 3
940 3
739 2
354 3
296 4
129 7
330 10
510 7
908 2
997 3
813 9
38 1
373 7
422 8
110 1
595 9
412 6
747 9
76 6
946 1
272 9
84 7
229 6
693 9
200 5
368 4
292 10
607 6
574 6
784 10
49 10
31 9
609 1
953 7
955 1
968 8
467 4
60 6
425 6
813 9
103 10
410 1
401 10
534 8
346 5
81 1
300 9
87 9
402 8
166 3
943 10
603 7
104 5
588 4
907 1
832 1
890 1
650 2
609 5
863 5
943 5
729 4
467 3
295 4
184 5
383 2
776 7
905 1
760 5
764 5
304 9
974 9
165 8
10 5
85 8
944 7
505 7
946 10
28 6
875 6
39 4
181 3
762 9
577 2
909 8
674 5
859 7
641 7
410 9
654 2
857 2
448 10
169 2
632 7
267 6
1022 8
930 10
635 4
448 6
425 3
7 3
792 1
265 4
572 5
168 5
655 4
348 5
518 6
50 8
237 5
699 10
638 5
72 9
562 2
55 7
798 8
898 3
303 4
491 8
442 1
453 8
296 4
299 8
318 7
421 6
718 1
32 3
978 8
784 1
489 10
874 10
941 8
3 9
981 1
613 4
768 1
611 7
335 5
410 3
190 6
889 7
908 4
930 8
498 7
175 10
631 1
1019 7
731 4
923 6
207 10
875 9
284 1
632 6
805 10
219 9
948 10
205 5
479 5
691 4
974 2
3 10
490 9
164 7
1022 2
616 8
738 6
379 3
302 9
926 9
608 9
415 2
753 10
873 6
266 4
425 8
1011 7
926 10
4 7
990 5
961 9
864 3
46 3
443 5
9 10
440 5
79 3
546 4
324 9
798 3
654 8
450 7
181 9
764 8
405 6
276 3
749 2
609 7
599 3
284 4
482 2
738 6
935 8
685 5
756 9
149 4
452 2
268 8
424 2
896 7
666 8
487 7
243 7
872 10
249 4
22 5
104 3
188 9
652 2
180 2
615 10
449 3
968 5
981 4
232 3
466 3
99 5
192 7
734 6
961 5
974 4
368 9
369 7
508 2
794 1
810 1
162 10
105 2
107 3
590 8
610 10
554 9
748 3
252 6
485 8
736 8
484 5
443 1
584 3
777 10
262 8
894 5
254 10
592 2
315 7
974 3
372 3
772 2
528 5
682 3
520 4
569 9
897 7
429 1
694 7
113 4
352 5
700 3
245 5
940 6
443 9
982 4
635 6
1018 7
694 2
555 10
261 8
983 8
907 10
110 10
903 9
885 3
122 9
898 5
158 1
706 9
912 9
134 6
334 1
159 2
875 6
17 7
776 6
269 3
136 1
396 8
547 9
1007 1
185 3
962 2
638 10
631 1
700 4
534 1
300 4
64 10
151 6
856 8
104 8
949 1
339 6
414 9
83 4
851 10
370 8
348 6
623 10
843 6
640 1
917 5
363 2
535 10
292 6
360 2
203 4
996 5
472 4
765 8
872 9
201 2
409 5
466 9
473 2
810 1
913 9
633 8
359 9
603 2
907 6
6 4
831 7
946 3
808 4
934 1
756 10
554 3
816 3
558 5
673 2
225 10
540 3
296 4
627 2
559 5
508 9
604 4
97 2
652 2
11 4
569 4
815 7
342 8
365 10
524 6
292 9
266 2
613 7
628 4
878 6
180 1
407 7
308 9
428 10
435 10
436 7
352 4
421 4
131 5
557 9
859 7
68 6
840 8
153 8
185 4
412 2
1004 7
80 1
545 3
123 6
559 8
250 8
493 2
773 3
123 9
12 9
915 10
704 3
498 3
547 1
351 6
218 9
6 2
677 7
535 9
931 9
638 8
605 1
277 3
724 2
209 3
491 9
322 10
591 9
991 3
995 8
170 1
1017 6
860 5
809 1
418 4
119 7
622 3
846 6
99 10
728 3
125 2
346 1
714 5
14 9
473 9
34 8
220 5
893 3
919 8
771 3
579 1
346 10
535 6
62 1
717 9
771 3
49 5
744 1
367 5
290 9
347 5
959 9
238 3
70 8
813 6
527 8
242 8
643 4
693 3
746 1
252 6
570 3
304 9
167 9
387 2
892 1
372 3
959 5
726 4
990 10
427 5
353 2
859 7
12 3
402 7
816 6
331 7
494 4
256 3
8 8
640 5
361 4
686 9
432 6
574 4
526 5
255 8
159 4
27 3
309 6
923 6
694 10
260 8
837 8
953 7
379 10
111 9
177 4
813 10
943 4
325 5
535 2
641 8
736 1
74 7
631 2
977 8
574 9
891 7
524 10
1019 3
540 8
1023 7
316 2
768 2
374 8
533 8
927 2
1019 9
652 2
557 5
238 1
742 7
0 1
445 2
558 8
423 4
926 2
433 10
312 7
443 3
757 3
117 2
146 3
181 8
639 3
904 9
74 7
284 6
138 8
73 9
765 7
226 10
491 5
779 8
242 1
679 5
364 4
273 10
3 9
792 8
614 4
908 3
118 9
778 3
236 9
717 5
56 3
874 1
608 7
920 6
544 7
576 6
522 1
641 9
827 9
82 1
147 10
703 10
109 3
142 7
700 5
412 7
31 4
100 10
4 2
868 3
336 7
807 8
113 1
953 9
504 4
396 6
497 8
443 1
982 4
297 3
352 2
498 1
94 2
454 5
46 3
508 5
496 9
601 10
882 4
213 8
542 9
703 7
586 9
308 1
867 3
314 5
989 9
656 2
745 10
115 10
171 6
577 6
139 6
894 2
902 10
358 8
255 2
1017 10
142 2
888 5
415 7
786 9
105 6
27 8
577 9
730 3
330 4
527 8
940 4
970 7
44 4
929 6
971 2
156 7
145 2
423 2
695 6
619 8
456 7
329 7
512 1
679 9
926 4
215 9
207 7
520 6
837 3
490 10
420 2
559 6
577 3
615 5
336 3
47 5
808 8
35 3
537 8
1005 9
474 2
122 3
902 2
860 7
615 5
277 10
81 2
895 3
864 7
325 2
99 3
687 6
705 9
377 8
174 10
250 1
273 9
605 1
844 3
669 9
1015 3
461 4
385 8
456 10
257 4
40 4
530 2
890 4
417 1
162 6
145 8
635 10
765 8
583 6
415 4
29 10
588 8
389 2
955 7
1022 7
298 3
699 10
866 7
267 10
484 2
243 8
936 3
160 10
79 10
392 5
384 2
153 8
187 5
483 8
175 4
970 10
530 2
144 1
384 5
762 3
530 7
288 10
574 9
748 1
546 2
438 2
933 4
962 5
474 10
278 8
585 6
321 4
545 6
453 3
421 1
274 9
954 9
66 7
34 7
50 2
920 2
198 2
120 3
736 8
179 10
595 7
514 2
20 3
651 8
124 9
849 5
822 3
799 9
402 10
114 3
151 10
8 2
594 1
503 9
538 3
860 10
654 9
313 5
864 9
870 8
909 7
430 7
905 4
600 6
67 3
759 10
207 9
44 4
949 2
569 7
405 9
515 1
162 8
355 8
440 2
820 7
867 8
232 5
258 9
886 9
288 10
536 9
795 6
819 6
696 10
141 7
438 2
256 4
754 7
365 2
963 5
427 7
1013 2
84 5
227 3
394 10
472 10
357 3
292 7
200 9
436 8
855 1
924 3
941 8
136 2
193 8
194 9
118 3
947 10
648 10
847 3
424 2
679 6
699 2
823 2
82 10
929 2
424 1
856 9
953 4
155 8
33 2
20 3
737 9
921 3
228 6
705 10
169 8
944 6
400 9
295 4
416 2
944 6
467 5
639 3
339 9
191 2
392 2
271 3
598 9
45 4
652 2
780 7
798 8
374 10
141 1
952 3
508 8
366 7
60 7
854 6
88 2
543 9
342 5
851 2
720 7
913 6
873 6
364 1
125 3
90 10
166 9
624 5
19 6
85 1
786 7
396 2
54 9
742 2
882 3
858 3
9 10
419 3
925 1
50 3
14 8
470 10
271 8
257 1
49 1
554 4
967 8
771 7
420 5
488 5
574 9
252 3
38 6
861 1
369 8
27 8
160 5
725 10
690 5
429 7
870 2
723 4
856 6
736 7
211 3
258 3
866 1
794 2
552 4
500 9
962 6
779 5
385 10
145 3
409 5
104 7
981 7
140 10
86 4
134 8
238 6
767 8
613 4
346 8
108 9
562 10
1007 3
894 4
677 5
526 10
286 6
650 6
922 5
744 9
558 7
202 10
947 4
675 4
56 8
1007 5
409 5
120 8
914 10
764 1
473 1
399 6
91 6
813 3
530 7
661 10
76 1
105 6
447 1
220 2
210 6
429 3
46 10
959 6
77 4
866 8
280 6
533 9
41 1
452 4
587 8
240 10
557 7
642 4
616 7
847 2
663 1
578 2
904 5
55 2
689 6
736 4
414 2
524 1
665 10
598 7
408 4
76 5
61 1
658 4
1018 5
418 6
744 9
465 10
929 5
709 8
863 5
275 7
298 9
797 3
232 7
278 5
853 5
451 4
665 10
733 6
42 7
320 6
391 5
712 10
297 2
705 5
805 3
640 10
255 1
279 5
72 7
923 10
20 4
566 8
427 9
786 7
666 7
991 8
780 6
211 3
405 1
355 7
651 3
94 1
581 3
459 2
829 7
965 5
470 9
246 5
496 7
509 7
188 2
34 5
455 9
271 2
941 3
501 3
89 5
810 6
41 2
492 5
249 8
690 6
310 6
635 9
731 8
213 6
124 5
28 10
795 5
259 6
689 9
213 2
311 9
282 7
588 8
31 7
855 10
143 7
653 6
261 8
491 2
183 7
43 6
531 7
578 8
654 6
500 1
249 6
640 6
363 9
569 8
451 5
926 7
0 6
635 8
725 9
339 9
357 5
873 5
92 9
375 6
583 3
361 7
604 2
515 8
995 9
56 4
537 10
116 2
139 2
650 3
990 2
966 5
564 5
542 10
259 8
636 1
308 8
786 6
378 6
776 5
33 2
753 7
562 10
22 3
257 2
910 6
494 5
232 6
47 4
997 7
384 6
84 1
849 1
191 7
985 5
479 4
697 1
511 6
202 10
206 3
248 10
327 5
876 2
1009 6
627 3
232 9
543 9
380 6
781 8
775 1
465 5
504 7
750 1
185 4
665 10
674 5
72 4
158 6
837 6
721 8
555 5
186 5
412 4
301 8
207 9
566 6
114 3
255 7
787 5
481 8
820 7
545 8
872 1
928 4
348 1
593 9
191 10
616 3
790 7
100 6
888 7
727 1
608 8
631 6
4 9
997 3
48 3
762 6
371 1
388 10
555 8
610 1
890 9
307 4
482 8
174 2
706 4
989 4
800 7
465 7
949 10
861 6
713 9
270 4
793 2
468 5
77 2
501 3
170 10
716 3
540 2
282 10
323 9
315 9
738 1
476 4
77 9
811 4
11 6
996 6
854 7
161 7
801 9
607 7
181 7
353 6
702 10
317 4
231 2
846 2
852 10
601 8
609 9
957 4
898 5
324 6
724 10
287 1
263 3
405 7
321 1
11 9
668 8
256 5
473 9
930 4
875 9
675 6
532 3
260 5
65 10
451 3
509 4
602 6
709 1
897 1
912 5
964 4
623 1
686 10
122 2
660 2
255 9
716 5
504 1
17 8
571 3
171 10
786 1
943 5
916 6
74 10
188 8
113 2
73 2
745 8
831 6
740 9
848 9
314 7
582 6
863 4
790 5
667 5
148 6
94 6
722 4
430 8
26 1
92 2
461 10
587 1
459 10
684 6
135 10
281 2
998 1
485 7
497 6
228 10
282 2
665 5
967 2
669 4
393 2
663 4
517 3
488 8
523 1
769 1
75 10
742 7
317 6
426 5
390 3
463 7
8 10
513 8
184 10
110 9
491 9
916 10
462 2
984 10
690 8
169 1
678 10
504 8
980 2
347 9
366 5
799 7
551 6
716 9
600 10
135 6
629 9
366 4
980 7
690 10
100 1
835 10
714 4
199 10
217 1
163 9
733 2
99 8
812 3
433 6
426 9
797 10
15 9
4 5
319 4
250 4
662 5
979 5
673 4
731 3
802 8
269 2
864 10
881 2
426 9
791 7
9 5
492 2
815 5
678 10
287 5
4 10
876 1
14 3
963 8
297 4
277 9
472 7
329 5
266 9
477 6
645 9
337 5
624 2
104 4
329 5
989 7
581 9
710 9
49 1
63 5
959 5
168 9
749 3
534 10
19 3
34 9
884 5
655 10
977 6
853 10
975 5
238 1
523 4
195 5
412 1
303 7
342 3
713 10
23 7
927 9
306 2
975 1
711 9
567 9
247 6
548 6
133 4
169 9
654 9
242 1
416 7
434 3
73 10
124 6
49 6
411 4
683 1
941 8
781 5
257 7
873 3
738 2
574 8
261 4
644 3
343 2
634 6
224 10
121 8
210 8
42 1
17 7
957 3
638 9
809 2
373 4
464 9
500 1
824 3
817 1
480 10
0 7
89 8
768 8
852 2
434 2
513 4
272 8
380 1
995 1
6 7
952 5
229 3
907 5
586 10
820 8
601 6
319 6
347 4
34 7
134 6
317 10
560 6
895 3
26 8
698 7
179 6
738 9
787 9
198 10
818 10
832 6
62 5
667 6
294 1
650 6
486 6
765 6
362 3
822 1
532 9
978 3
712 8
289 1
876 8
128 1
1001 10
489 5
563 4
582 10
613 10
952 1
624 5
452 4
318 6
486 9
745 2
983 5
776 3
605 5
626 3
489 7
334 2
382 7
1018 3
568 4
969 2
425 3
989 9
529 7
165 1
318 10
515 4
154 2
756 7
315 2
96 5
723 10
765 7
672 7
206 5
271 4
215 3
795 9
524 8
612 6
391 8
961 7
346 1
897 5
222 7
1004 7
281 10
395 1
880 1
993 10
387 8
137 3
785 6
202 1
623 3
1003 10
348 3
963 8
380 2
664 2
312 2
786 5
573 4
782 7
142 8
666 1
230 2
330 2
708 3
176 5
660 2
866 9
129 2
76 8
703 2
683 1
391 1
599 7
259 9
374 10
838 6
755 7
331 6
256 6
248 2
797 8
452 3
672 10
248 10
997 10
1014 6
768 6
371 1
59 5
378 1
962 1
129 1
36 9
103 5
876 9
752 1
893 4
984 8
604 6
491 4
448 10
19 10
730 9
25 9
551 8
268 2
127 5
606 2
770 7
832 4
837 10
947 4
462 3
618 10
103 7
743 5
218 10
454 1
1014 1
523 5
872 6
1005 10
426 4
80 1
363 3
240 1
26 4
448 2
294 7
367 10
405 10
485 7
270 10
599 9
84 9
207 4
476 4
657 10
814 6
241 9
275 3
135 10
730 5
786 9
392 5
327 9
282 3
993 7
270 4
868 3
51 4
540 10
273 10
1003 4
942 10
360 9
390 5
38 1
779 9
586 6
668 10
892 6
700 2
964 7
832 4
833 5
333 2
870 7
448 4
883 1
34 5
816 7
249 10
114 2
548 4
60 6
193 2
356 1
149 8
553 2
988 3
789 10
388 7
390 9
833 3
135 7
408 10
360 4
476 3
847 6
448 6
271 3
616 1
1023 1
890 2
183 7
570 5
306 8
607 1
986 3
900 3
102 9
492 1
772 8
979 1
537 9
426 1
0 3
783 9
381 3
1001 8
765 3
876 8
730 6
468 9
965 4
193 7
475 4
783 4
535 2
319 4
143 10
767 4
246 1
315 5
938 8
294 4
962 10
390 3
552 7
52 4
969 1
641 1
651 10
940 10
392 1
16 4
685 10
102 2
95 7
124 4
238 10
409 4
364 1
620 9
443 4
818 1
503 4
147 1
956 1
767 5
16 9
667 5
511 2
109 10
52 3
658 10
86 2
423 5
48 7
581 4
403 3
853 5
939 1
288 6
320 7
537 7
635 6
4 1
492 6
636 6
293 5
84 1
960 7
592 9
738 2
147 1
825 1
683 8
858 4
276 7
885 5
156 9
29 7
598 9
483 2
658 7
806 1
32 3
807 5
756 7
670 10
523 8
323 4
964 3
599 6
578 5
326 6
561 6
1019 1
568 8
1010 9
858 3
709 5
358 8
922 2
509 4
731 3
804 1
667 7
307 9
803 9
407 2
272 7
66 2
213 6
737 2
160 7
890 10
616 9
780 10
365 8
882 2
616 9
353 5
184 8
251 5
951 1
225 1
148 7
594 4
135 9
850 6
466 5
923 4
43 9
277 8
804 10
364 8
736 5
563 7
567 7
714 9
709 8
675 2
221 10
312 10
808 6
999 10
430 8
770 10
719 9
773 6
811 9
960 9
254 7
585 5
132 6
13 10
799 5
142 8
977 1
490 6
123 10
965 8
132 1
541 9
86 5
888 4
164 2
114 6
972 5
734 9
776 1
47 10
465 8
306 6
282 6
624 7
58 5
246 10
714 8
447 3
928 1
760 4
584 5
113 6
1022 6
546 7
396 2
152 6
631 9
204 1
932 3
51 2
940 5
258 4
136 3
266 5
565 2
981 3
243 1
703 8
132 3
366 6
704 4
855 9
637 8
759 3
706 5
360 9
869 4
921 3
607 10
647 3
489 1
205 3
132 1
16 9
630 5
7 10
62 6
417 5
226 10
553 5
498 5
547 4
792 8
589 3
564 5
216 9
698 3
737 3
286 1
723 2
998 9
732 4
900 2
373 3
81 1
241 5
857 6
482 6
682 5
759 3
110 1
434 8
108 9
360 4
200 3
312 1
473 5
836 8
460 7
339 10
293 3
269 1
701 8
109 10
416 5
803 10
344 6
341 4
913 4
420 2
896 1
550 4
86 10
990 3
127 2
104 1
755 3
80 2
328 5
68 5
398 9
399 10
105 7
321 10
634 8
845 10
739 7
519 2
669 5
291 9
172 2
98 5
929 1
747 8
808 3
907 2
304 7
568 9
665 2
639 6
34 8
271 5
235 1
813 10
138 2
932 4
946 4
39 10
940 6
789 4
220 6
797 3
358 2
283 7
670 1
245 9
106 8
143 8
863 1
988 6
1012 7
278 10
815 10
450 9
292 5
124 3
574 10
4 5
857 3
428 9
632 3
545 6
375 9
27 3
599 6
713 2
98 3
305 7
768 5
913 1
883 4
147 4
561 2
965 8
1022 2
311 2
1013 10
324 3
176 6
551 10
433 6
415 3
802 6
150 7
352 4
379 10
927 9
818 2
917 1
140 10
70 1
143 1
225 8
148 10
350 9
397 1
82 8
659 1
516 4
1015 6
83 8
892 4
988 5
788 4
582 10
1006 4
626 1
106 5
128 10
941 7
564 9
393 2
296 10
951 10
536 9
594 1
602 5
137 6
114 5
461 9
736 4
541 1
51 4
833 8
44 5
720 2
335 9
261 7
527 1
556 3
483 2
344 4
858 10
184 1
933 2
175 4
470 3
541 1
563 5
754 2
617 6
858 3
498 4
737 3
319 2
581 6
357 10
449 10
245 6
860 9
672 10
775 3
735 9
943 7
120 2
72 10
351 3
409 7
858 6
114 10
246 2
440 5
265 1
571 9
47 7
282 7
454 1
410 6
288 8
144 6
323 7
615 9
576 6
556 10
930 10
523 6
539 10
519 6
996 3
493 8
354 6
43 2
871 4
533 3
805 3
991 1
168 7
526 9
641 5
697 6
608 4
241 6
183 2
921 5
811 1
21 6
237 7
273 7
83 8
94 6
816 9
682 5
310 6
860 1
414 4
888 7
662 8
150 5
364 1
851 8
823 9
1021 9
710 9
788 10
803 4
349 1
416 8
4 1
333 1
650 7
182 4
214 1
871 2
363 1
1014 7
890 4
438 6
708 3
122 6
58 7
205 8
212 8
768 9
397 4
71 6
135 8
936 8
352 4
488 1
726 7
394 1
835 7
310 7
734 6
809 7
185 4
971 1
773 4
495 4
846 1
165 3
743 7
939 10
861 7
868 1
614 2
983 7
203 1
968 3
474 4
499 7
930 8
775 5
612 2
904 10
868 5
629 2
714 10
155 7
973 8
906 3
608 1
290 4
495 2
933 4
522 3
888 1
356 9
714 5
1006 2
954 5
1006 10
789 10
112 4
565 10
213 3
500 2
239 9
26 7
129 9
1008 8
669 5
564 4
940 6
632 10
855 1
398 10
615 6
252 8
907 4
614 5
889 5
230 1
205 5
388 9
399 8
762 10
817 10
24 3
849 10
79 7
67 6
175 1
734 4
725 5
656 8
543 4
748 1
684 4
578 8
901 1
281 2
512 3
572 1
677 5
327 8
1002 4
371 9
360 5
152 5
120 3
663 9
45 1
931 10
522 2
415 6
257 4
629 10
748 8
861 1
1010 9
425 2
208 2
993 8
921 4
907 2
1008 9
235 1
370 1
641 8
235 2
18 5
27 3
170 5
544 2
525 8
14 4
581 10
473 4
362 3
314 10
395 5
587 1
883 10
332 4
720 8
790 3
566 4
877 3
906 2
48 3
248 8
71 8
985 3
82 8
1012 4
492 6
502 3
2 4
401 1
349 2
39 8
856 10
54 4
477 1
473 5
524 1
863 10
500 6
161 3
310 8
921 3
460 10
646 2
851 9
250 9
835 8
128 7
88 3
536 10
590 8
234 6
444 1
915 5
858 5
999 2
343 10
737 4
908 10
92 9
14 8
100 9
718 5
171 6
569 2
1001 10
766 9
966 4
94 10
258 5
488 9
445 7
531 2
233 9
569 5
821 3
393 10
372 5
529 6
50 8
619 2
515 8
23 5
496 2
217 9
204 2
104 9
450 6
728 3
118 7
24 9
707 8
78 6
932 8
102 10
498 9
517 8
896 1
323 2
615 4
580 7
521 3
281 4
996 4
239 9
225 6
952 2
593 6
500 9
665 8
842 6
387 1
58 1
188 5
896 7
926 4
706 8
48 9
644 5
730 5
655 1
210 1
98 10
576 7
914 7
855 3
911 5
145 1
922 10
195 5
675 4
863 5
959 7
911 9
325 1
37 2
982 10
933 4
209 6
814 4
553 1
15 9
901 4
801 4
907 1
472 4
336 5
222 7
712 1
689 8
863 9
102 2
71 6
369 3
879 5
484 6
808 2
391 2
318 1
588 3
371 2
643 4
376 3
388 4
586 2
757 8
620 3
902 2
197 6
150 10
220 3
746 7
371 5
240 8
951 10
769 6
231 9
577 4
988 9
143 4
444 2
718 2
735 5
834 8
170 10
752 6
987 6
562 6
410 4
762 9
857 6
657 3
780 8
927 2
1013 10
356 1
850 1
520 9
925 7
11 5
961 6
560 6
640 7
820 6
413 4
492 9
909 1
180 6
254 10
866 8
124 7
689 4
722 4
539 1
5 8
278 7
925 4
527 6
147 3
917 1
781 1
566 2
89 7
349 1
269 9
631 4
152 2
636 3
23 2
141 4
662 6
777 9
593 9
882 6
793 7
521 3
243 6
577 4
120 9
702 8
31 1
369 5
43 10
740 3
501 2
938 6
14 1
742 2
41 7
864 4
163 8
140 1
524 3
931 6
298 9
849 4
915 1
864 4
924 7
92 10
611 10
422 5
185 10
40 10
991 8
550 3
589 10
173 3
586 7
370 2
395 7
555 6
194 5
903 6
96 2
187 5
693 9
391 3
10 8
803 2
638 9
596 10
913 4
15 1
1013 2
281 5
292 7
871 1
964 6
413 5
66 9
674 7
871 5
590 5
868 7
293 5
617 6
928 4
730 2
420 5
269 10
594 3
279 8
445 3
712 9
786 8
578 3
998 8
435 7
27 9
395 7
669 10
536 1
939 5
374 10
241 7
234 9
762 1
278 5
362 10
262 6
756 10
634 8
76 6
108 9
782 9
875 10
641 9
997 1
255 2
22 7
53 4
897 3
330 5
304 2
959 10
347 4
924 10
729 6
717 4
326 6
509 8
373 7
292 3
623 4
367 1
318 8
813 2
418 10
473 10
431 7
947 6
993 7
412 6
253 5
960 3
206 7
188 8
33 7
282 1
980 7
436 4
676 9
760 8
617 2
748 5
979 8
567 3
589 8
645 5
62 5
527 4
120 10
246 9
786 5
188 5
137 7
396 4
119 1
1013 3
664 10
468 3
823 9
834 4
773 1
843 7
499 10
394 7
852 6
67 1
69 5
809 1
378 6
138 8
625 9
785 4
319 1
425 10
633 7
739 1
948 5
192 9
48 10
88 10
635 7
487 2
847 9
135 7
561 2
784 6
874 10
267 6
881 6
591 3
134 9
469 6
142 4
601 10
75 1
733 6
563 10
352 2
641 3
1006 9
79 1
827 10
89 1
383 8
585 7
177 3
278 7
459 4
340 9
221 6
500 5
122 1
523 8
331 9
438 2
78 1
78 4
528 2
310 1
318 2
610 4
392 10
524 5
233 8
939 2
410 10
504 10
277 2
191 5
702 1
250 9
674 2
983 3
116 7
708 7
598 10
578 6
817 2
664 9
650 1
161 2
83 6
364 8
534 2
129 7
596 6
507 3
597 4
242 4
828 1
1009 4
465 10
867 7
582 3
590 1
393 2
276 9
14 7
410 1
316 9
583 1
919 9
913 4
549 4
695 4
426 6
810 8
894 9
972 5
20 6
643 5
975 4
731 3
886 9
683 8
633 5
816 7
691 8
450 2
529 5
787 6
650 4
221 2
498 8
816 1
39 3
317 6
403 9
516 5
758 7
607 3
393 7
510 5
330 7
757 2
244 3
292 4
142 2
620 3
518 5
26 1
365 3
935 3
508 10
404 9
617 2
174 6
769 4
787 6
754 8
797 8
337 2
866 5
23 2
953 1
984 1
878 5
765 2
935 2
734 9
249 4
465 10
635 1
863 5
972 10
512 8
425 3
449 4
225 3
208 2
42 10
752 1
33 3
404 6
310 7
770 3
203 9
260 2
530 4
32 5
732 9
320 9
790 2
1013 3
406 9
643 3
613 9
827 10
926 3
499 8
993 3
882 6
282 4
112 7
959 8
413 10
867 10
224 10
627 5
388 2
150 8
733 2
128 9
717 2
120 9
18 2
613 1
259 6
743 4
835 9
665 4
957 4
998 8
882 3
620 10
450 6
129 1
585 2
278 2
945 5
500 4
904 9
768 4
79 10
47 4
901 7
549 4
912 1
900 3
380 8
722 1
843 5
729 3
823 9
826 4
216 1
569 5
53 8
343 8
23 8
740 6
272 1
592 9
616 1
514 8
753 3
954 9
637 2
267 4
999 6
264 6
198 6
943 1
879 2
889 4
939 8
289 6
164 4
422 7
136 2
350 8
53 8
21 1
583 2
429 6
474 2
134 10
999 8
337 4
316 1
550 2
133 6
361 5
316 6
356 4
23 6
964 4
670 6
704 10
933 2
284 5
541 9
396 9
102 7
964 9
958 7
792 4
288 6
140 7
135 10
451 9
31 2
92 9
118 3
339 10
70 7
751 8
412 1
982 8
51 6
421 6
900 3
327 8
675 3
921 6
154 6
483 4
303 1
84 8
382 7
703 9
866 4
375 5
434 5
271 5
176 5
576 3
439 2
340 3
969 3
636 6
645 4
267 3
197 8
874 9
577 10
615 7
29 5
22 2
776 7
932 3
417 10
76 5
559 2
196 9
372 1
443 6
286 10
476 5
741 4
825 8
884 7
512 7
446 3
854 6
506 1
983 1
321 6
311 5
213 9
423 4
814 4
866 7
199 8
604 3
711 9
994 7
390 10
710 1
151 3
795 2
604 6
661 9
32 7
913 8
743 1
867 10
996 6
973 4
107 7
219 4
587 9
289 7
343 7
139 9
544 1
426 3
231 2
811 3
311 6
824 6
191 8
369 10
211 1
259 3
355 7
165 5
59 10
173 3
586 8
747 9
385 10
695 5
45 5
530 6
288 9
835 1
642 2
341 8
579 9
100 7
273 9
881 3
755 10
637 7
217 10
55 8
927 8
525 1
964 3
546 10
1021 3
256 1
734 8
915 5
636 6
170 4
254 4
563 5
354 6
726 4
270 8
291 6
479 6
440 4
860 3
474 2
308 6
891 1
813 6
49 10
644 9
671 6
690 4
991 7
57 5
410 6
202 5
532 9
156 7
263 10
894 8
692 10
236 8
696 6
747 5
765 6
342 10
728 7
667 10
211 10
186 1
547 3
386 7
458 10
406 3
708 10
964 8
737 3
249 4
537 1
253 3
651 5
800 8
334 4
351 1
210 6
320 2
953 3
402 4
232 2
925 3
507 7
99 1
912 2
577 2
42 9
336 9
340 10
448 9
138 1
989 1
408 2
774 3
183 4
660 10
570 5
859 7
564 10
106 3
568 10
443 4
771 1
563 2
932 7
37 9
938 7
366 2
176 7
283 2
700 8
659 6
483 3
318 9
998 9
205 9
437 5
883 10
459 2
198 8
78 8
565 4
894 5
566 8
885 1
556 6
828 4
328 3
41 5
66 9
417 8
369 4
374 1
911 4
676 10
904 5
571 5
857 5
669 3
367 1
508 1
944 2
963 8
393 1
641 4
124 9
337 1
214 7
432 1
583 3
812 10
395 8
400 9
1017 8
287 1
898 6
415 5
993 10
584 8
775 3
315 5
147 2
1022 3
10 6
548 8
744 10
319 10
985 3
521 9
797 10
323 3
376 1
706 8
53 4
627 3
385 3
632 7
317 8
20 10
87 10
251 8
677 6
552 6
1002 3
941 3
215 2
920 1
469 1
870 10
597 9
740 5
161 6
605 4
581 1
82 10
41 3
404 6
892 9
679 6
641 4
512 5
811 2
188 9
445 9
173 5
81 10
534 9
309 6
228 8
958 7
329 6
584 2
603 6
588 7
461 4
282 2
148 2
292 2
728 2
378 6
352 2
971 7
736 2
678 7
471 10
325 3
782 3
217 1
406 6
475 4
300 9
673 6
969 5
715 6
701 8
495 7
633 1
163 7
213 9
583 1
496 8
612 6
829 3
879 7
272 7
698 3
485 4
545 6
458 4
591 6
310 7
637 10
675 9
432 8
647 5
740 3
878 1
1023 3
679 3
391 2
612 7
977 8
81 3
874 7
604 1
393 7
163 8
782 5
901 5
861 1
464 8
234 9
867 2
631 8
302 1
179 9
94 5
461 10
358 10
126 1
189 2
904 7
188 7
334 4
469 6
734 9
489 5
230 10
511 9
988 10
952 4
804 9
444 5
645 3
941 5
497 2
916 4
0 9
757 4
116 4
494 5
885 9
116 7
877 6
117 6
4 9
28 8
91 7
931 5
836 5
272 2
80 1
324 4
486 3
828 10
57 7
698 3
768 1
447 5
541 5
265 10
62 7
552 2
634 1
429 8
557 2
492 10
784 9
401 1
298 9
828 5
162 1
672 10
256 4
148 3
979 6
735 7
632 5
318 10
904 8
127 9
165 2
896 6
980 7
774 4
964 4
680 7
185 1
399 3
301 3
715 3
355 6
727 10
859 1
31 7
48 10
222 10
582 3
114 4
667 4
492 8
614 6
208 6
441 2
231 3
197 1
564 6
257 3
312 7
671 6
625 9
701 6
300 7
562 6
652 6
882 10
109 10
668 7
357 10
722 1
766 10
211 3
31 10
556 7
190 1
862 10
767 6
328 7
474 8
299 5
657 1
908 8
274 6
673 8
744 3
655 10
837 3
855 1
56 6
219 6
56 3
523 8
841 2
414 10
429 7
803 3
345 1
220 8
538 5
412 8
469 6
972 5
862 4
700 1
569 6
770 3
706 9
682 4
299 7
5 7
259 3
844 2
218 5
434 1
239 8
565 7
882 2
653 6
795 3
406 5
509 10
42 5
481 10
720 2
408 7
891 4
776 8
1022 5
820 2
507 4
768 1
627 10
329 6
39 3
922 9
102 9
901 6
701 7
999 8
195 10
349 6
792 10
711 2
936 6
594 5
73 5
763 2
883 9
897 9
194 7
244 2
226 2
959 9
469 7
178 1
597 8
541 5
982 1
541 5
956 7
406 7
742 8
458 6
925 3
474 3
322 1
929 3
460 4
1021 1
408 8
372 3
693 8
354 4
163 9
718 9
42 6
748 8
230 8
485 5
535 5
365 10
657 2
57 6
344 7
678 2
157 1
786 9
127 4
284 2
27 9
298 10
360 6
358 9
615 8
482 7
962 9
548 6
297 3
176 2
977 9
303 10
8 3
309 6
882 4
37 4
619 7
954 3
660 9
931 4
22 4
257 9
726 3
881 2
970 5
425 10
934 3
776 7
773 3
950 6
701 6
249 6
729 1
90 5
405 9
868 6
455 1
518 2
244 1
438 6
282 9
956 1
826 5
841 2
760 1
667 5
801 1
829 8
631 7
140 5
620 5
15 7
433 7
595 3
103 7
83 8
704 2
870 5
578 9
962 2
812 10
530 5
471 9
254 9
658 10
648 2
1012 1
191 2
210 9
646 6
840 6
255 2
217 1
956 9
703 1
926 5
308 3
438 9
744 4
932 2
743 2
875 8
923 9
341 10
204 6
621 3
78 10
964 7
880 4
14 7
517 6
564 10
770 2
124 6
95 10
36 10
431 2
359 6
683 10
763 3
972 2
460 2
112 2
131 10
600 10
512 7
580 8
182 2
553 4
858 7
136 7
606 1
100 2
839 9
272 3
128 5
683 2
146 7
1020 2
321 6
981 3
153 3
636 10
633 3
770 8
450 9
272 9
1004 4
542 3
596 2
491 3
825 9
49 1
15 4
747 1
27 9
803 2
810 1
705 7
294 1
828 4
87 1
952 5
13 6
771 5
871 5
357 4
948 3
303 8
66 1
524 1
1019 10
254 7
472 7
119 4
466 5
832 1
288 5
282 4
992 8
598 8
444 4
171 10
350 5
581 8
910 2
613 1
766 5
233 10
677 1
917 8
830 4
513 5
57 5
743 5
641 4
145 1
594 6
10 9
714 9
582 2
611 8
395 2
965 1
92 6
232 7
982 5
111 4
557 3
308 9
952 5
310 1
825 1
177 3
403 1
535 1
525 1
664 9
353 10
910 7
653 8
378 3
228 4
949 2
422 5
255 3
969 1
160 6
619 7
769 1
351 8
986 9
633 7
733 2
585 5
647 4
799 3
1003 1
386 6
839 3
173 4
505 7
908 8
333 7
896 9
334 6
929 9
463 5
491 10
181 2
745 4
565 6
179 6
991 8
422 1
836 5
185 8
833 10
669 6
178 8
486 1
470 3
336 6
355 9
543 8
833 5
226 7
329 8
682 6
941 10
825 5
111 10
901 9
688 10
148 5
48 6
506 5
477 3
849 9
739 9
897 1
736 5
156 9
23 1
49 2
587 6
919 8
975 10
613 1
175 6
793 5
881 8
190 7
173 4
863 4
537 2
516 5
291 9
747 1
127 5
421 9
816 8
301 5
70 7
151 2
732 7
0 8
446 7
275 5
470 10
100 4
497 7
368 1
261 3
226 4
884 5
1020 10
173 1
436 4
696 4
463 5
734 6
449 6
295 5
700 6
353 10
807 2
384 8
568 10
692 7
638 10
751 9
910 10
541 1
815 5
331 4
504 8
51 4
662 2
65 7
363 3
323 3
948 5
237 4
390 8
137 6
918 4
870 7
811 10
625 10
536 4
275 7
450 1
483 10
622 2
275 8
65 7
36 4
890 3
858 6
876 5
695 5
378 1
455 3
618 2
674 9
851 4
87 9
22 8
315 8
592 3
985 8
149 4
793 5
546 6
617 1
335 2
248 6
748 9
575 9
98 5
1011 6
863 4
248 8
849 8
923 10
747 8
980 1
646 1
998 6
657 6
905 9
806 8
624 6
933 7
644 3
547 7
964 2
484 1
792 6
768 1
779 10
382 2
664 4
765 3
973 7
884 2
186 6
301 4
683 3
502 9
381 4
610 1
325 9
163 6
12 9
364 8
401 3
672 2
388 9
437 10
427 1
100 2
711 1
208 7
849 7
962 4
904 7
968 3
849 1
760 6
838 6
392 9
872 5
736 10
715 6
767 5
743 3
738 9
673 10
568 9
382 9
249 3
688 9
141 2
877 6
200 10
486 9
263 5
384 1
216 2
266 3
740 8
610 1
606 7
584 1
808 8
687 4
920 3
48 4
647 4
887 5
536 10
961 10
382 7
434 8
830 9
995 5
394 7
160 8
174 1
480 7
228 6
139 5
22 2
396 3
0 9
105 1
868 1
593 7
509 7
828 10
416 1
967 4
1007 9
300 9
43 5
215 3
676 3
143 9
531 8
846 7
102 2
553 9
12 10
242 1
804 1
628 2
926 9
634 4
565 5
828 8
198 10
812 2
1016 6
970 5
601 3
540 10
144 7
550 3
289 10
738 2
203 7
494 7
648 3
520 3
407 3
344 5
316 6
833 2
379 6
947 7
675 1
686 5
694 5
418 2
285 8
499 1
470 4
660 8
278 7
461 2
252 10
732 9
273 6
141 3
847 6
323 2
783 5
796 5
843 5
54 8
447 7
183 6
857 3
316 6
87 4
813 3
132 10
483 5
543 9
669 5
351 9
603 1
791 9
72 8
650 5
153 5
633 10
659 2
651 7
915 5
778 3
479 8
54 5
436 7
99 9
862 2
455 4
778 3
976 7
221 3
996 4
522 8
654 10
961 10
794 4
367 8
702 7
397 7
440 8
863 8
997 4
491 4
456 3
782 9
101 7
355 10
77 5
26 10
194 8
894 8
956 7
94 6
303 7
63 8
435 8
206 8
33 7
846 2
849 10
944 8
575 10
254 1
725 5
891 6
507 2
981 5
852 5
705 7
596 8
381 4
934 6
333 1
193 5
246 1
707 1
78 1
650 3
83 8
120 5
440 2
154 8
888 5
1012 5
406 4
529 4
460 3
207 2
251 10
497 6
480 9
622 2
971 5
908 6
33 4
278 1
861 5
315 7
561 10
373 2
45 2
621 3
877 9
729 5
981 3
71 9
885 7
68 9
636 9
528 3
590 4
339 3
981 4
324 6
624 1
418 5
327 1
106 4
203 4
267 9
554 1
961 5
566 1
682 4
989 6
652 10
780 2
730 6
273 6
824 5
267 5
140 1
557 1
217 8
124 9
574 3
442 6
548 4
782 4
599 8
464 10
77 4
492 7
45 5
911 8
845 3
487 4
489 2
901 10
133 6
1000 2
536 8
882 7
600 4
969 9
299 3
554 9
887 7
218 9
190 6
624 4
381 2
587 5
38 1
350 1
42 2
545 4
624 4
269 5
64 9
119 4
728 5
217 9
684 4
819 8
52 1
610 1
213 1
919 1
765 5
540 3
788 8
312 3
787 2
442 6
1012 2
439 6
275 4
928 6
28 7
283 4
384 5
287 3
960 2
308 4
459 5
840 6
30 6
66 1
824 4
592 9
512 2
964 5
516 6
144 8
303 4
818 8
336 6
648 8
327 5
454 7
898 8
72 10
992 2
235 5
115 9
632 3
900 10
214 8
924 3
949 2
652 3
623 4
411 4
1000 1
385 4
289 9
227 1
727 8
837 6
991 4
632 2
446 7
676 8
752 2
664 10
116 10
378 6
377 2
641 3
14 5
690 3
278 10
470 5
600 4
122 6
158 1
590 6
289 5
557 10
527 6
166 10
581 3
397 10
216 10
213 9
155 7
25 10
926 2
724 8
125 5
125 6
11 9
584 6
121 4
400 7
552 5
347 8
197 7
197 2
419 3
806 1
118 5
259 6
403 9
719 6
120 5
288 6
164 7
583 3
193 4
265 10
633 2
74 5
364 5
498 4
947 7
355 9
533 4
75 9
878 1
669 6
973 10
280 9
942 8
952 1
418 5
875 7
833 7
581 9
48 6
502 10
582 1
897 4
603 5
712 3
173 9
517 3
176 10
848 1
382 1
478 2
287 3
85 8
408 6
683 8
200 2
708 9
459 2
19 8
492 9
822 3
579 5
231 7
872 1
664 8
302 9
77 9
314 8
441 1
692 3
213 3
551 6
722 6
850 3
649 9
758 3
366 8
702 10
264 6
29 1
246 10
551 1
177 10
502 10
592 3
314 6
100 4
146 9
770 9
896 8
285 1
265 8
224 5
240 6
328 10
995 1
750 9
609 1
478 3
865 1
585 5
176 2
335 5
997 2
5 2
424 3
42 2
446 8
879 9
343 4
394 9
324 1
379 1
479 3
61 9
466 7
