512
0 3
3 6
9 5
14 6
20 3
23 7
30 7
37 6
43 7
50 4
54 7
61 5
66 5
71 5
76 2
78 8
86 2
88 5
93 5
98 6
104 6
110 7
117 8
125 4
129 7
136 5
141 6
147 2
149 3
152 4
156 2
158 4
162 6
168 3
171 8
179 5
184 2
186 8
194 7
201 4
205 8
213 3
216 3
219 5
224 8
232 7
239 8
247 8
255 7
262 5
267 8
275 3
278 7
285 6
291 8
299 6
305 4
309 7
316 4
320 3
323 5
328 3
331 5
336 3
339 2
341 2
343 8
351 4
355 3
358 7
365 5
370 8
378 8
386 2
388 3
391 2
393 7
400 4
404 3
407 2
409 3
412 7
419 7
426 4
430 3
433 2
435 3
438 3
441 5
446 8
454 2
456 5
461 2
463 2
465 2
467 8
475 6
481 4
485 4
489 3
492 5
497 6
503 3
506 8
514 7
521 7
528 6
534 2
536 7
543 2
545 6
551 3
554 5
559 6
565 3
568 8
576 3
579 8
587 2
589 3
592 4
596 8
604 4
608 7
615 4
619 8
627 6
633 7
640 3
643 7
650 5
655 8
663 6
669 4
673 2
675 4
679 2
681 7
688 8
696 8
704 2
706 2
708 3
711 8
719 5
724 5
729 4
733 6
739 2
741 6
747 8
755 6
761 4
765 6
771 2
773 8
781 4
785 2
787 7
794 7
801 5
806 6
812 2
814 4
818 6
824 8
832 3
835 3
838 6
844 6
850 3
853 2
855 4
859 4
863 7
870 4
874 3
877 4
881 7
888 5
893 7
900 7
907 7
914 8
922 4
926 8
934 6
940 4
944 3
947 6
953 2
955 6
961 2
963 5
968 2
970 5
975 3
978 2
980 8
988 5
993 2
995 6
1001 3
1004 4
1008 6
1014 3
1017 7
1024 6
1030 7
1037 4
1041 8
1049 5
1054 7
1061 8
1069 4
1073 2
1075 2
1077 4
1081 2
1083 7
1090 8
1098 6
1104 2
1106 2
1108 4
1112 5
1117 2
1119 6
1125 8
1133 3
1136 6
1142 2
1144 3
1147 8
1155 5
1160 8
1168 5
1173 8
1181 8
1189 8
1197 2
1199 8
1207 5
1212 3
1215 8
1223 2
1225 8
1233 3
1236 4
1240 4
1244 6
1250 3
1253 4
1257 7
1264 4
1268 8
1276 3
1279 2
1281 7
1288 7
1295 2
1297 4
1301 3
1304 6
1310 2
1312 4
1316 5
1321 4
1325 3
1328 4
1332 3
1335 6
1341 8
1349 2
1351 4
1355 8
1363 7
1370 6
1376 6
1382 5
1387 6
1393 5
1398 7
1405 2
1407 8
1415 3
1418 5
1423 6
1429 6
1435 8
1443 4
1447 8
1455 4
1459 3
1462 4
1466 7
1473 2
1475 4
1479 8
1487 5
1492 7
1499 8
1507 4
1511 5
1516 4
1520 8
1528 7
1535 8
1543 2
1545 5
1550 2
1552 3
1555 7
1562 5
1567 8
1575 4
1579 4
1583 4
1587 4
1591 3
1594 7
1601 7
1608 4
1612 4
1616 4
1620 7
1627 7
1634 4
1638 7
1645 4
1649 2
1651 8
1659 7
1666 3
1669 2
1671 7
1678 8
1686 7
1693 6
1699 2
1701 4
1705 7
1712 2
1714 5
1719 6
1725 2
1727 5
1732 5
1737 3
1740 5
1745 3
1748 6
1754 5
1759 2
1761 6
1767 6
1773 5
1778 8
1786 4
1790 4
1794 2
1796 8
1804 7
1811 8
1819 5
1824 4
1828 6
1834 8
1842 4
1846 2
1848 3
1851 4
1855 7
1862 2
1864 7
1871 3
1874 8
1882 6
1888 6
1894 4
1898 5
1903 6
1909 7
1916 6
1922 5
1927 8
1935 2
1937 4
1941 7
1948 4
1952 6
1958 3
1961 2
1963 4
1967 5
1972 8
1980 4
1984 8
1992 3
1995 2
1997 4
2001 6
2007 3
2010 4
2014 4
2018 8
2026 4
2030 3
2033 4
2037 6
2043 6
2049 6
2055 8
2063 8
2071 7
2078 8
2086 7
2093 5
2098 8
2106 3
2109 8
2117 2
2119 6
2125 6
2131 8
2139 2
2141 7
2148 5
2153 8
2161 8
2169 8
2177 7
2184 2
2186 5
2191 2
2193 5
2198 5
2203 2
2205 8
2213 2
2215 4
2219 2
2221 4
2225 3
2228 6
2234 2
2236 8
2244 5
2249 5
2254 5
2259 5
2264 7
2271 6
2277 4
2281 8
2289 8
2297 3
2300 8
2308 6
2314 3
2317 5
2322 6
2328 6
2334 5
2339 2
2341 2
2343 2
2345 2
2347 8
2355 2
2357 5
2362 3
2365 3
2368 4
2372 6
2378 4
2382 8
2390 8
2398 7
2405 8
2413 2
2415 5
2420 7
2427 6
2433 2
2435 8
2443 4
2447 3
2450 3
2453 2
2455 7
2462 5
2467 3
2470 3
2473 3
2476 6
2482 6
2488 5
2493 7
2500 7
2507 8
2515 2
2517 4
2521 2
2523 5
2528 6
2534 8
2542 3
2545 4
2549 2
2551 3
2554 8
360
2562
129 8
302 6
83 7
77 8
205 5
363 5
113 5
312 3
84 4
222 1
182 10
444 4
66 10
196 3
107 2
204 8
508 8
505 7
149 5
244 10
22 5
337 6
342 2
160 6
444 9
111 10
307 4
217 3
33 4
172 2
119 8
102 5
121 5
341 3
269 4
377 2
461 7
293 6
430 9
60 6
19 4
253 7
399 9
235 7
412 10
355 8
154 6
385 10
416 6
310 3
352 9
186 8
333 6
51 5
288 3
151 10
161 8
51 7
262 10
98 6
58 1
66 5
222 8
35 6
416 5
115 2
195 6
421 5
318 7
65 1
501 4
20 1
383 1
119 5
365 5
466 3
256 4
408 9
314 3
163 4
62 1
392 6
225 5
2 5
290 8
162 5
276 1
180 2
357 7
240 6
470 7
165 6
447 5
134 2
245 3
511 3
503 6
181 10
434 10
102 4
278 5
469 1
383 10
166 2
283 9
176 6
341 10
249 2
437 6
30 4
330 9
20 4
247 6
382 8
473 1
456 9
326 5
268 8
456 7
426 5
292 9
283 7
5 10
377 9
80 9
351 8
370 8
444 5
400 2
456 10
221 6
116 8
255 9
442 7
345 5
451 3
232 6
398 9
135 10
101 4
289 3
356 5
44 2
79 3
450 4
159 7
177 6
151 2
346 8
375 4
45 8
202 8
372 10
22 9
260 1
318 8
498 5
327 6
259 7
202 6
386 2
17 2
280 7
382 1
181 6
96 9
349 8
357 7
79 10
371 8
32 1
495 3
433 1
105 3
500 4
237 5
125 8
375 10
165 9
182 9
10 6
57 10
347 8
227 2
242 1
406 10
341 5
30 4
276 6
182 5
166 6
111 5
134 10
97 4
222 4
346 8
109 5
27 4
41 10
102 1
401 3
230 1
31 6
12 3
143 10
28 1
58 4
123 10
270 9
481 3
140 8
465 6
293 10
383 2
42 4
230 5
356 4
50 3
34 2
82 8
144 4
291 3
307 4
314 5
62 5
489 2
350 7
382 7
188 7
3 4
74 2
434 5
187 4
458 5
12 5
304 8
152 5
385 5
453 4
476 4
314 4
475 2
129 9
8 4
365 6
17 4
301 5
220 3
348 5
467 4
123 4
236 8
145 1
326 1
162 2
342 10
397 5
473 8
348 2
482 9
426 3
252 6
247 9
220 7
138 5
201 10
313 6
40 2
126 2
472 4
92 8
254 1
393 4
113 6
445 8
8 6
105 9
506 5
2 1
149 4
201 4
323 5
324 4
256 7
1 9
418 1
361 10
463 8
422 9
318 8
415 6
357 8
194 10
316 1
203 10
14 9
379 1
373 5
373 1
216 4
41 6
477 7
344 7
208 6
359 5
45 3
293 3
15 5
391 5
461 9
297 10
350 10
422 5
53 5
269 2
405 5
309 1
103 1
199 1
494 5
209 5
353 7
150 3
446 2
152 1
124 4
194 1
356 8
304 8
333 4
260 3
400 10
248 8
386 6
501 5
98 8
293 6
269 2
110 1
38 6
175 8
65 8
385 2
89 7
15 1
502 9
57 3
107 5
505 2
299 10
157 2
163 8
454 1
210 2
58 7
137 2
215 6
124 4
140 5
485 7
309 8
472 8
162 10
329 6
371 8
427 1
350 3
472 4
348 6
341 5
349 8
459 10
57 6
384 2
157 4
215 5
37 8
492 10
498 8
256 1
56 4
213 8
478 2
27 6
72 1
280 1
404 7
377 9
94 5
120 5
282 8
290 1
414 9
342 1
483 4
20 1
114 8
326 8
197 7
98 9
370 6
359 7
301 4
422 8
483 4
29 4
78 5
278 6
271 3
303 8
500 3
140 1
336 8
58 2
276 8
412 5
332 1
94 1
0 8
492 3
430 4
21 10
225 3
26 8
290 1
389 8
368 3
33 8
434 6
386 8
195 8
310 2
142 2
507 9
322 1
149 7
217 8
184 1
3 10
154 6
39 1
338 2
76 5
251 2
318 1
120 3
59 1
125 6
29 9
92 1
227 5
290 9
122 4
175 10
176 4
314 1
447 2
182 9
278 1
46 2
103 7
204 9
65 4
263 4
212 10
347 7
478 2
91 2
126 1
354 2
165 5
454 9
402 4
344 4
275 3
125 6
458 10
329 9
32 9
341 10
102 8
21 7
449 2
298 9
443 3
490 1
293 7
354 5
79 1
403 1
432 7
86 5
305 3
277 6
282 9
289 1
172 1
350 10
118 10
257 10
191 10
333 3
447 4
145 8
288 6
421 9
449 3
266 6
27 10
322 1
28 1
254 9
167 3
508 9
273 6
102 10
439 2
203 8
177 1
265 5
339 9
360 10
31 9
154 4
144 7
445 5
426 6
302 2
266 5
92 6
94 6
493 2
283 9
473 2
369 9
12 1
267 5
391 8
12 4
297 2
355 2
5 10
482 1
246 6
296 2
446 8
207 9
384 7
263 10
284 2
504 10
326 3
429 7
313 1
483 5
134 6
106 1
11 8
66 9
432 2
465 7
196 2
267 4
47 2
179 4
285 3
94 3
106 6
391 5
195 10
230 8
139 4
82 3
106 3
397 3
261 2
487 3
497 3
309 9
332 2
200 6
301 7
374 5
366 9
338 6
63 4
226 9
336 7
24 5
107 10
214 10
349 4
507 1
117 3
64 10
355 1
124 6
368 9
21 5
430 4
90 3
467 9
238 8
167 1
412 3
405 7
27 3
347 3
167 1
162 1
451 7
442 7
236 4
166 10
43 6
127 4
234 7
186 6
166 2
388 6
234 8
346 1
356 9
142 9
121 9
111 3
395 7
153 1
85 5
33 7
76 6
447 3
61 3
128 9
61 6
157 9
274 8
67 3
252 6
198 3
143 10
62 4
93 8
363 7
250 5
12 3
158 4
313 8
259 7
165 7
507 2
169 9
293 3
368 9
64 10
193 6
124 6
66 9
7 9
151 2
52 4
206 6
150 1
451 4
489 1
436 10
67 3
155 6
135 4
103 5
418 10
448 7
278 5
389 6
438 3
98 9
463 1
391 3
354 3
503 4
466 7
15 6
98 3
48 9
128 7
460 2
112 4
430 10
31 9
447 1
118 7
86 4
31 5
401 7
241 7
51 3
21 5
306 7
429 3
131 3
454 7
231 5
161 6
199 4
28 4
504 1
480 8
404 2
101 4
20 5
81 7
224 6
154 1
411 2
468 9
473 8
113 9
106 4
503 5
392 8
432 3
54 3
52 2
356 2
218 4
370 6
360 1
298 4
278 9
255 3
476 1
203 1
495 2
411 10
465 9
129 2
263 10
126 9
46 3
489 6
379 5
94 1
184 3
174 3
170 6
186 6
292 3
494 6
375 10
97 6
283 6
221 7
53 7
236 6
179 3
232 8
210 2
191 4
111 2
173 5
260 4
86 4
483 1
218 6
502 5
246 1
243 6
492 10
25 4
137 10
399 4
440 7
299 8
291 1
331 7
352 4
473 6
460 4
2 6
169 9
364 1
265 4
316 4
47 10
370 1
415 1
260 8
413 4
420 3
346 7
123 2
403 6
148 4
378 2
316 6
468 6
110 6
341 2
196 3
138 2
355 10
474 9
182 8
499 4
426 2
176 2
384 5
322 8
182 4
456 2
436 5
40 8
45 5
333 7
110 8
149 3
142 7
149 10
218 9
257 2
481 10
4 10
121 8
417 10
102 3
437 1
471 1
441 4
27 5
387 1
14 6
138 7
209 5
347 5
130 2
35 6
200 5
212 2
435 1
298 4
234 6
289 5
412 5
487 10
180 7
188 10
419 8
378 6
207 9
395 2
363 5
224 5
482 7
43 3
68 7
56 10
84 9
11 1
493 5
414 2
9 4
462 3
36 1
82 4
9 8
434 5
329 6
62 5
137 4
94 2
466 3
81 6
463 6
321 4
488 8
78 1
48 3
314 8
15 5
55 6
111 1
285 6
147 2
389 10
501 7
138 9
345 7
152 9
159 3
139 3
151 10
187 4
392 10
83 4
134 7
213 3
18 5
33 4
438 1
219 7
53 6
120 1
333 8
298 3
428 10
176 4
216 5
451 3
170 8
303 4
467 5
448 6
132 3
60 2
39 3
32 7
323 5
441 7
463 9
375 9
303 3
64 9
125 5
415 3
295 2
407 4
508 2
258 3
231 9
391 4
288 4
365 8
136 5
192 1
458 2
483 7
460 6
152 6
375 5
127 1
114 1
280 2
182 5
130 3
46 6
87 7
118 4
293 6
306 1
409 4
91 5
300 7
82 7
414 1
94 9
394 7
341 9
136 10
240 5
60 8
303 1
416 10
380 7
414 8
260 4
291 7
416 7
214 1
204 2
408 9
151 1
231 5
228 9
79 10
290 2
366 1
274 8
88 9
197 5
318 5
363 6
18 2
211 2
124 4
26 9
333 9
359 2
341 3
499 10
285 3
39 10
221 5
301 3
438 3
457 4
201 6
107 9
205 4
17 4
64 6
461 3
476 10
12 9
54 2
147 4
166 7
363 5
357 9
38 9
6 7
263 6
118 9
460 2
243 7
479 8
294 2
7 10
144 6
330 3
66 7
312 9
145 7
154 6
173 10
170 1
356 2
286 5
117 2
245 5
290 2
391 8
209 10
509 6
447 7
130 2
408 2
121 10
61 8
417 9
31 2
184 10
356 7
103 8
79 9
291 4
505 3
481 3
50 7
18 2
371 9
207 8
145 3
159 9
295 4
229 1
400 4
303 3
259 5
505 7
253 10
168 1
174 6
216 6
430 6
304 8
503 9
270 9
224 4
300 6
190 8
303 7
267 10
511 1
135 2
463 2
104 1
197 5
232 1
255 8
371 2
404 10
331 5
312 10
118 7
54 8
401 10
4 1
379 8
481 4
32 7
495 8
223 9
406 5
443 10
254 2
377 5
331 10
106 9
470 1
418 8
375 3
47 1
214 4
189 6
304 5
208 5
149 7
160 10
318 4
18 9
276 5
221 1
378 2
265 3
324 1
273 7
410 5
221 3
73 10
346 4
279 4
61 6
341 2
265 3
477 9
399 3
52 2
379 9
491 1
203 2
425 3
236 3
52 9
416 5
159 4
235 3
316 9
187 4
316 4
340 4
27 9
286 10
235 1
93 10
200 8
159 6
69 1
17 5
511 10
250 1
29 1
49 9
327 5
509 9
209 7
276 2
286 8
352 5
95 6
208 3
220 7
345 8
189 9
313 6
211 5
465 7
230 2
249 6
56 4
105 9
337 8
144 9
382 7
66 10
200 2
346 10
409 2
210 9
232 3
468 4
330 6
16 4
33 4
231 8
246 2
190 9
252 1
206 1
414 3
261 2
248 5
12 6
371 7
26 10
420 7
125 7
227 1
136 1
288 5
457 1
1 2
359 9
264 8
142 10
178 3
357 7
488 4
313 10
462 7
282 1
463 3
266 3
368 7
378 9
464 7
484 4
107 8
67 7
488 8
304 3
123 9
373 1
363 8
12 9
236 5
238 10
223 6
260 4
465 7
352 7
419 7
450 1
186 6
150 3
373 8
465 6
297 10
63 7
471 6
268 7
463 4
328 3
376 7
277 7
72 9
133 3
343 4
248 6
141 2
205 8
315 7
458 7
237 9
142 2
427 1
224 2
316 4
61 10
414 4
368 2
252 6
351 1
236 5
481 1
330 6
190 7
93 6
185 3
296 8
257 10
263 7
304 3
94 6
78 2
215 10
76 1
341 8
410 1
204 3
413 1
285 4
244 9
282 2
374 7
160 6
503 4
127 10
332 9
259 1
95 6
44 2
337 9
107 8
323 8
149 2
365 5
428 4
4 2
244 2
149 9
109 4
387 7
169 10
114 10
342 8
42 7
111 4
337 4
111 8
252 4
413 3
443 7
421 4
28 9
487 10
34 10
15 7
430 4
189 1
451 9
23 3
185 4
330 7
156 6
362 6
324 9
286 6
497 7
283 6
359 8
105 10
471 10
137 3
66 4
174 3
227 6
248 2
260 4
93 10
254 6
352 6
402 3
414 10
262 7
310 5
285 7
374 3
228 8
98 4
116 5
269 1
257 9
415 1
255 10
113 7
192 3
166 9
401 2
191 2
333 3
108 5
201 6
163 10
145 7
93 6
426 5
57 8
463 10
360 4
127 7
118 1
496 3
279 7
411 8
489 3
262 6
227 4
203 4
35 5
55 6
212 8
448 5
199 1
394 10
23 8
71 10
22 8
12 10
441 7
317 5
326 4
423 5
171 1
380 2
403 6
318 4
219 2
425 7
389 8
403 6
434 10
463 1
302 2
332 8
320 3
29 10
72 5
384 1
368 4
337 2
185 3
143 2
301 4
380 7
132 7
507 3
59 5
244 5
360 5
69 2
303 7
435 4
113 4
98 3
151 2
442 1
486 4
133 5
202 9
167 3
96 6
232 9
487 9
470 5
128 3
307 5
405 3
99 9
19 8
154 10
176 10
365 1
348 7
16 7
209 7
148 8
40 10
258 2
75 9
362 8
275 2
384 5
494 1
347 6
388 5
179 7
400 8
350 2
321 7
436 8
203 5
255 8
73 5
490 3
17 3
432 3
50 4
48 1
69 8
322 6
186 9
388 8
102 8
341 4
239 4
424 2
392 9
37 4
138 10
32 2
339 8
67 1
197 9
138 7
302 4
310 10
50 6
239 6
150 8
297 6
270 8
367 2
169 10
149 8
454 7
376 8
73 8
304 3
217 7
343 7
424 10
15 8
124 6
259 8
230 3
493 5
67 5
136 2
212 6
476 9
327 8
73 2
376 4
55 9
125 10
120 7
394 2
210 8
335 8
431 3
484 2
338 1
435 5
248 6
313 3
388 2
229 1
510 7
262 7
503 3
454 7
246 3
62 6
368 3
139 9
393 3
176 4
35 8
147 2
266 8
461 10
38 9
150 2
8 3
414 5
497 6
299 2
58 6
496 9
456 5
57 4
146 1
31 2
183 1
487 3
191 2
39 1
49 2
72 5
417 6
331 1
254 4
130 4
57 7
111 8
184 5
474 4
121 5
41 8
434 7
90 6
372 6
165 6
337 1
256 7
21 4
427 1
246 10
60 1
301 5
93 10
19 6
16 2
231 6
138 2
35 10
8 8
466 10
421 1
151 7
418 9
176 1
476 10
228 10
102 7
167 2
55 3
88 9
118 9
192 3
474 2
412 7
243 9
389 9
483 2
156 7
403 2
169 7
473 2
121 2
107 3
323 8
103 1
456 10
96 9
55 6
184 1
213 4
62 5
469 4
510 7
268 8
503 2
494 9
72 4
328 5
264 6
246 8
219 7
264 7
207 2
235 5
434 6
388 10
349 10
149 7
255 4
130 9
267 1
8 8
39 1
409 3
257 3
379 3
289 8
191 10
470 1
398 6
159 1
228 1
413 4
469 8
120 6
51 4
382 2
266 1
113 8
238 10
367 5
421 7
262 1
17 2
346 6
439 6
301 1
451 10
307 4
199 2
475 6
112 6
453 3
439 10
160 2
25 1
409 6
463 7
72 10
482 6
392 2
7 8
14 4
286 8
389 2
75 3
25 2
35 1
351 2
268 4
301 5
11 10
342 8
207 4
97 10
13 2
189 3
482 3
39 3
50 6
350 9
82 5
262 3
376 1
5 10
503 2
222 1
112 2
84 10
208 4
146 4
38 10
112 7
283 10
206 1
79 3
370 7
268 5
404 4
160 9
226 4
374 7
199 9
320 7
316 2
374 1
470 2
200 3
264 8
292 2
48 6
176 6
61 6
389 6
351 9
177 5
36 2
175 2
285 8
157 9
18 7
192 4
314 4
165 9
505 5
232 1
360 1
466 10
274 5
403 9
71 5
118 3
351 8
501 8
329 9
306 4
302 7
167 6
147 1
455 10
264 9
324 7
102 10
465 4
277 9
1 4
433 6
15 2
65 10
99 2
147 8
48 2
379 9
175 7
167 3
305 3
66 8
201 3
45 6
81 4
41 9
301 3
173 6
177 3
165 3
306 5
261 9
147 1
232 4
459 7
489 10
410 3
332 2
89 2
134 5
28 3
267 9
160 1
262 7
100 3
197 6
327 5
482 5
59 4
323 4
134 9
349 10
434 4
68 10
255 10
0 7
284 9
310 6
101 3
326 5
128 6
230 6
102 1
0 1
279 9
179 4
266 7
89 4
108 5
42 7
484 2
89 2
85 4
109 2
25 3
155 4
118 10
313 9
453 10
324 1
498 3
318 2
400 7
472 9
321 5
174 5
438 10
376 10
214 6
112 9
274 9
72 2
469 2
363 8
511 5
47 5
369 4
62 6
462 1
247 4
449 2
369 8
17 1
72 9
253 1
353 5
109 2
155 7
4 4
379 7
75 4
478 10
9 1
454 8
196 8
121 7
338 9
27 8
506 7
255 10
407 7
478 7
459 2
247 4
315 1
117 3
233 6
30 10
105 4
237 7
417 2
229 6
333 8
169 8
127 5
182 10
437 6
321 4
11 8
211 9
103 5
510 3
486 3
95 1
235 6
223 9
505 6
240 2
413 2
75 8
438 2
244 4
233 5
231 10
100 3
105 3
180 4
47 5
56 10
371 4
506 8
310 5
167 10
304 1
335 1
432 10
353 2
229 3
42 9
394 2
209 1
93 4
72 9
104 5
340 7
267 10
486 3
182 2
311 6
356 2
70 8
376 9
400 2
328 8
478 5
432 8
124 8
75 2
329 9
296 7
410 10
147 3
202 8
213 7
57 7
394 3
203 3
182 1
354 6
342 5
336 2
265 2
420 9
422 5
155 5
481 4
408 10
313 3
130 7
68 7
183 5
448 4
105 4
245 7
483 3
443 7
169 9
436 3
105 3
384 10
154 8
65 10
122 7
329 8
300 4
322 5
194 1
82 7
448 8
223 5
384 2
248 2
265 1
114 6
139 9
106 8
431 9
343 3
15 6
106 9
25 5
123 4
493 8
473 5
17 7
369 3
197 4
93 3
274 9
411 1
424 9
78 9
283 3
403 2
214 2
48 3
260 10
217 7
355 8
168 2
154 6
511 6
408 3
55 4
231 3
407 2
436 5
168 4
477 4
484 5
107 6
359 2
351 6
389 5
466 9
12 2
308 6
64 3
504 8
301 4
322 2
1 5
118 3
156 6
424 5
290 4
105 3
397 6
321 1
291 3
417 2
313 10
216 8
18 6
464 10
382 2
141 4
88 5
362 5
314 10
277 8
86 10
6 10
402 4
107 8
41 10
203 2
386 5
309 1
396 9
443 6
107 1
81 3
229 7
458 10
502 4
164 9
459 7
256 8
66 2
394 3
404 1
200 4
348 2
300 8
124 3
301 2
55 7
248 6
293 6
286 5
356 3
340 2
490 7
124 1
61 5
87 2
83 2
140 5
398 6
157 9
279 1
277 1
37 8
302 9
268 2
229 8
251 2
205 8
493 10
454 6
330 3
133 10
409 4
197 2
409 7
97 2
393 2
420 5
388 1
88 2
405 2
93 10
197 9
407 10
304 7
368 2
453 8
301 4
497 7
315 5
135 7
140 7
371 10
465 3
217 3
178 7
232 10
43 1
138 2
32 10
74 3
434 6
8 9
454 7
381 6
272 4
167 1
240 6
260 8
169 5
354 9
490 4
396 7
483 1
210 8
500 4
410 4
392 4
189 3
428 3
152 7
136 9
368 5
301 7
469 9
178 2
280 8
328 4
501 7
314 10
71 6
166 1
397 9
354 2
429 3
204 4
56 2
150 4
258 10
13 10
227 8
181 1
436 7
47 3
208 5
149 4
241 4
129 5
120 10
481 8
29 3
157 8
113 1
296 5
155 3
271 7
105 1
106 3
436 2
382 6
473 7
455 8
442 6
11 10
38 10
121 7
11 10
285 4
105 2
480 3
353 7
161 7
334 9
18 5
141 7
402 8
343 7
143 2
202 10
231 3
292 10
474 8
51 4
166 7
401 2
401 7
339 4
199 3
258 2
498 8
487 10
404 6
464 5
24 8
35 1
463 7
384 1
413 10
293 2
290 9
122 3
380 9
122 6
109 8
344 4
322 1
382 9
355 3
289 7
389 4
27 1
5 9
102 4
265 5
201 9
396 9
224 3
123 8
13 6
476 2
130 9
290 6
440 7
302 10
264 9
431 6
342 3
357 2
188 3
407 9
288 5
22 4
341 2
358 1
120 4
287 8
64 3
236 8
267 1
425 6
507 1
484 2
56 9
357 2
260 7
359 2
165 5
61 3
325 4
373 4
497 5
276 10
57 10
498 2
327 2
37 10
111 3
294 5
61 9
445 2
167 7
21 8
369 2
410 2
100 5
177 6
373 8
54 6
210 5
283 9
67 5
82 3
342 5
420 9
184 1
121 4
170 2
414 8
74 7
496 10
363 3
125 2
224 4
271 5
338 7
461 5
304 4
491 1
318 9
298 1
366 7
378 8
128 3
221 4
117 9
190 4
482 9
272 7
82 4
313 3
47 6
445 6
451 2
89 5
149 1
130 3
497 6
86 5
8 6
230 1
427 2
140 6
172 8
9 8
150 5
344 9
202 5
146 5
41 3
358 8
435 1
287 3
355 8
455 9
188 5
89 5
385 1
99 3
468 4
440 6
381 6
427 1
424 9
479 1
414 1
84 10
102 10
502 5
392 5
215 10
471 10
344 10
121 6
449 4
46 4
67 6
99 2
6 10
138 4
268 2
235 4
277 4
203 3
376 5
123 1
480 6
226 10
465 6
268 5
131 10
436 2
473 2
403 10
228 7
498 8
322 4
340 3
409 2
42 9
282 2
65 8
251 3
362 7
163 8
432 10
106 5
48 8
24 8
53 6
166 1
369 7
248 4
468 1
467 3
9 5
125 3
508 4
492 1
507 7
32 5
246 10
419 9
360 10
224 8
108 6
363 3
213 8
69 2
150 6
286 2
389 9
473 3
507 4
292 1
436 7
177 8
201 4
17 10
70 4
387 7
37 6
56 7
272 4
229 6
453 8
242 6
461 7
235 1
501 9
361 7
283 6
117 4
78 1
321 7
315 9
131 3
241 3
503 1
250 4
30 1
104 6
295 10
348 5
485 5
284 5
390 5
367 6
487 1
101 2
39 2
158 7
358 4
103 5
107 5
394 8
80 3
409 7
206 1
332 1
510 6
484 3
105 1
0 5
58 6
90 9
272 8
392 4
433 8
90 8
499 1
502 1
385 7
176 10
114 5
29 1
427 10
423 2
65 4
12 4
472 3
256 6
351 1
269 4
382 7
368 10
188 6
73 1
384 2
114 1
324 7
310 6
382 3
201 5
48 5
85 2
253 10
330 8
14 6
11 1
495 9
359 7
410 3
331 7
12 8
264 7
65 6
318 8
75 6
496 4
499 7
10 2
125 6
457 6
359 10
125 6
504 9
490 4
63 8
482 1
28 6
343 7
274 1
281 4
378 9
214 7
118 3
323 2
479 3
373 9
89 1
36 7
211 8
156 10
121 3
175 4
369 3
18 10
365 3
