128
0 5
5 7
12 8
20 2
22 8
30 2
32 2
34 6
40 8
48 2
50 8
58 3
61 5
66 2
68 2
70 6
76 4
80 8
88 2
90 8
98 4
102 3
105 5
110 4
114 8
122 5
127 6
133 7
140 3
143 4
147 4
151 6
157 8
165 3
168 6
174 6
180 6
186 5
191 6
197 7
204 5
209 7
216 6
222 3
225 5
230 4
234 8
242 3
245 7
252 2
254 7
261 8
269 5
274 5
279 5
284 4
288 8
296 6
302 8
310 7
317 8
325 3
328 8
336 4
340 5
345 8
353 2
355 4
359 4
363 5
368 3
371 8
379 8
387 8
395 6
401 2
403 7
410 3
413 3
416 6
422 5
427 7
434 4
438 4
442 7
449 4
453 8
461 7
468 5
473 5
478 7
485 7
492 6
498 4
502 3
505 7
512 6
518 6
524 8
532 8
540 7
547 3
550 3
553 2
555 3
558 6
564 2
566 6
572 6
578 6
584 8
592 5
597 7
604 5
609 7
616 6
622 4
626 8
634 7
641 8
649 3
652 4
656 4
660 7
667 4
671 6
677 6
683 8
1
691
103 2
63 6
125 5
41 7
71 4
56 5
2 2
77 6
106 4
65 4
32 2
47 2
84 1
82 10
13 9
66 6
82 2
21 4
46 1
117 4
120 5
59 2
63 1
16 10
37 7
74 5
81 4
56 3
23 1
21 10
47 4
95 5
30 10
88 4
62 10
29 1
62 5
18 7
23 2
94 5
97 8
43 9
51 5
65 8
4 2
92 7
18 4
36 4
94 7
118 9
98 7
74 3
102 8
38 8
109 2
103 2
33 2
83 2
116 3
120 1
57 5
55 4
13 3
97 4
101 2
54 1
68 10
123 2
106 5
99 4
4 4
60 5
16 5
105 5
86 5
83 3
83 5
93 6
85 1
65 10
34 8
40 3
17 9
19 9
109 1
67 5
97 3
81 3
52 2
123 8
124 10
12 4
50 2
92 6
12 5
23 7
82 10
38 4
46 5
103 4
89 5
63 10
76 1
57 9
126 2
10 1
14 2
70 2
67 5
8 5
92 4
84 10
13 5
57 3
92 2
39 4
51 4
100 10
108 1
0 8
52 10
117 10
31 1
86 7
8 9
113 2
41 5
112 4
41 10
75 6
92 3
5 7
38 9
42 8
104 5
44 6
113 10
76 5
90 3
60 1
117 9
45 4
67 1
0 5
32 1
71 3
10 1
47 4
79 4
33 7
82 4
64 5
50 5
95 6
2 5
86 3
37 8
121 9
95 1
64 6
18 6
74 2
26 9
16 3
21 1
81 6
45 2
1 5
59 7
44 10
54 5
95 3
24 3
107 10
15 2
106 6
79 6
13 10
15 8
119 10
28 7
24 1
25 7
111 4
98 7
51 1
2 9
54 2
121 8
81 8
125 6
95 9
39 8
29 6
69 10
70 8
53 2
32 9
46 3
37 7
9 5
61 9
17 3
64 4
82 9
8 8
101 5
2 2
61 8
120 5
102 7
39 5
70 6
27 5
95 3
31 6
38 8
94 6
26 6
106 2
59 4
63 9
31 1
69 10
65 5
123 8
79 7
90 2
19 5
117 10
37 3
89 9
99 4
40 6
84 1
26 10
50 10
2 6
2 10
27 4
90 2
49 1
126 6
122 4
36 5
110 9
37 1
93 9
14 8
72 3
113 1
46 6
81 8
48 9
115 4
96 9
24 6
62 5
59 6
102 10
97 9
0 5
123 8
46 1
116 4
17 4
123 7
11 7
32 7
82 10
122 9
69 3
13 4
117 7
46 8
45 5
96 9
6 10
26 5
12 5
6 8
86 3
20 1
2 5
108 3
106 6
13 2
80 8
113 10
44 5
45 3
94 2
47 9
80 10
95 8
120 3
17 8
54 8
11 2
99 1
26 8
85 10
58 8
106 2
27 4
108 7
51 2
106 3
73 4
77 3
102 3
51 7
92 1
49 8
14 5
33 9
39 8
51 10
77 10
22 2
45 7
13 10
45 2
3 4
94 8
32 10
59 3
3 5
9 8
23 9
105 8
12 5
119 3
108 5
43 3
81 1
24 3
63 9
95 5
66 7
59 8
8 10
28 10
14 8
1 2
105 8
56 6
67 1
91 9
101 9
85 6
79 2
9 10
85 3
76 6
112 9
67 5
34 6
66 9
5 8
80 2
120 4
35 8
106 3
86 9
56 8
67 4
2 7
17 1
127 4
2 9
42 1
68 6
72 6
56 10
92 1
103 7
83 4
119 1
68 4
41 10
83 6
42 4
71 9
9 5
15 1
41 1
106 7
50 2
66 7
90 6
39 1
63 2
59 1
26 10
54 6
47 3
51 7
93 6
12 4
122 4
107 3
105 1
58 10
119 7
45 9
37 6
27 9
50 10
89 7
37 6
98 6
87 8
104 7
35 8
76 10
8 7
24 1
122 10
124 8
17 6
11 4
54 6
94 5
8 6
9 3
45 8
105 2
26 3
95 5
47 1
54 5
59 8
63 4
123 10
30 4
43 4
121 1
100 7
39 1
48 3
54 3
127 10
60 10
4 9
96 3
3 2
100 7
28 10
27 5
24 5
96 8
15 5
27 2
126 1
122 1
47 4
96 6
94 5
89 9
20 3
99 2
42 8
51 9
47 3
114 5
49 8
118 1
75 7
21 1
39 5
0 5
68 5
85 3
69 9
70 8
1 6
103 9
25 6
47 9
85 1
97 4
103 1
81 3
95 10
27 6
124 10
16 6
70 5
24 1
118 1
57 7
96 3
84 8
116 2
11 2
7 6
12 9
127 4
101 9
37 2
98 1
119 6
72 4
103 10
19 4
72 10
7 6
59 10
37 5
109 1
44 3
59 2
39 5
111 8
15 6
58 7
96 10
12 1
102 8
82 3
1 8
85 5
48 6
29 10
59 3
79 6
31 2
32 2
83 6
44 7
80 7
70 3
59 1
44 3
44 4
102 9
68 6
21 8
18 1
120 4
71 3
95 7
47 4
118 3
33 7
96 2
111 4
97 9
17 5
84 6
26 10
0 7
85 4
123 4
56 4
18 5
4 5
47 1
12 4
91 10
63 5
35 10
17 5
74 1
33 2
13 8
97 10
81 8
41 4
97 7
69 4
119 3
75 7
35 5
51 9
115 9
113 8
89 7
90 1
62 9
15 1
51 10
78 5
62 5
85 8
14 6
33 4
88 6
100 4
73 10
54 2
76 5
19 7
39 8
38 3
72 3
124 10
20 4
24 5
34 6
63 9
52 3
107 6
97 5
24 5
78 7
82 7
63 5
86 8
25 3
103 8
54 3
123 6
10 7
104 6
46 10
106 4
60 3
75 4
107 1
122 8
77 3
95 8
84 4
61 10
62 2
111 9
17 1
53 4
40 2
33 5
61 9
86 3
6 6
42 1
119 2
5 10
66 2
16 9
18 3
66 10
123 3
14 6
81 8
36 3
115 7
122 6
124 10
49 6
68 9
107 8
117 6
79 5
109 7
6 3
0 3
1 8
90 2
119 6
73 4
18 7
47 2
14 1
6 7
25 4
37 7
18 7
117 6
6 9
33 1
117 9
119 6
92 9
119 8
75 9
25 3
97 8
92 10
10 10
102 3
84 5
116 9
0 2
84 3
62 9
39 6
26 3
41 10
87 4
73 9
